Boats placed:
   0   0   0   0   0   0   0   0
   0   0   0   0   0   0   0   0
   0   0   0   0   0   0   0   0
   5   5   5   5   1   1   1   1
   0   0   0   0   0   0   0   0
   4   0   0   0   0   0   0   0
   4   0   0   0   0   0   0   0
   4   0   0   0   0   0   0   0
   4   2   0   0   0   0   0   3
   0   2   0   0   0   0   0   3
   0   2   0   0   0   0   0   3
   0   2   0   0   0   0   0   3

Final board:
      Hits:  20
    Misses:  75
Duplicates: 224
Boats Sunk:   5
  -1  -1  -1  -1  -1  -1  -1  -1
  -1  -1  -1  -1  -1  -1  -1  -1
  -1  -1  -1  -1  -1  -1  -1  -1
 105 105 105 105 101 101 101 101
  -1  -1  -1  -1  -1  -1  -1  -1
 104  -1  -1  -1  -1  -1  -1  -1
 104  -1  -1  -1  -1  -1  -1  -1
 104  -1  -1  -1  -1  -1  -1  -1
 104 102  -1  -1  -1  -1  -1 103
  -1 102  -1  -1  -1  -1  -1 103
   0 102  -1  -1  -1  -1  -1 103
  -1 102  -1  -1  -1  -1  -1 103

