Boats placed:
   0   0   0   0   0  87  87  87  87   0   0  84  84  84  84   0   0   0   0  18  18  18  18   0   0   0   0   0   0   0
   0   0  24  24  24  24   0   0   0   0   0   0   0   0   0   0   0   0   0  62  62  62  62   0   0   0   0   0   0   0
   0  80  80  80  80   0   0   0   0   0   0   0   0   0  53   0   0   0   0   0   0   0   0   0   0  17   0   0   0   0
   0   0   0   0  70  70  70  70   0   0   0   0   0  44  53   0  48   0  30  30  30  30   0   0   0  17  54  54  54  54
  65   0   0   0   0  23   0   0   0   0   0   0   0  44  53  99  48   0   0   0   0   0  31   0   0  17   0   0   0   0
  65   0   0   0  27  23   0   0   0   0   0  73   0  44  53  99  48   0   0   0   0   0  31   0   0  17   0   0   0   0
  65   0   0   0  27  23   0   0  77  42   0  73   0  44   0  99  48   0   0   0   0   0  31   0   0   0  10  10  10  10
  65   0   0   0  27  23   0   0  77  42   0  73   0  85   0  99   0  19  19  19  19   0  31   0  56  56  56  56   0   0
   0   0   0   0  27   0   0   2  77  42   0  73   0  85   0   0   0  34   0  63  63  63  63   0  14  14  14  14   0   0
   0  58  58  58  58   0   0   2  77  42   0   0   0  85   0   0   0  34   0   0  92  92  92  92   0   0   0   0  93   0
   0   0   0   0   0   0   0   2   0  72   0  26   0  85   0   0   0  34  69   0  60   0   0   0  49  49  49  49  93   0
  97  97  97  97   0   0   0   2   0  72  98  26   0   0   0   0   0  34  69   0  60   0   0  45  45  45  45   0  93   0
   0  82  82  82  82   0  46   0   0  72  98  26   0  15  15  15  15   0  69   0  60   0   0   0  66   0   0   0  93   0
  40   0   0  55   0   0  46   0   0  72  98  26   0   0   0   0   0   0  69   0  60   0   0   0  66   0   0   0   0   0
  40   0   0  55   0   0  46   0   0   0  98  94  71   0   0   0   0   4   4   4   4   0   0   1  66   0   8   0  59   0
  40   0   0  55   0   0  46   0   0   0   0  94  71   0  25  25  25  25   0   0   0   0   0   1  66   0   8   0  59   0
  40   0   0  55   0   0   0   0   0   0   0  94  71   0   0   0   0  79  95  95  95  95   0   1   0  64   8   0  59   0
  47   0   3   0   7   7   7   7   0   0   0  94  71   0   0   0   0  79   0   0   0   0   0   1   0  64   8   0  59   0
  47   0   3   0   0   0   0  28  28  28  28   0  57  57  57  57   0  79   0   0   0   0   0   0   0  64   0   0   0   0
  47   0   3   0   0   0   0   0   0  75  75  75  75  36  36  36  36  79   0   0   0   0   0   0   0  64   0   0   0   0
  47   0   3  68  81  81  81  81   0   0   0   0   0   0  88  88  88  88   0   0   0   0   0   0   0   0   0   0  61   0
   0   0   0  68  41  41  41  41  12   0   0   0   0  13  13  13  13   0  11  11  11  11   0  29  29  29  29   0  61   0
   0   0  90  68   0   0   0   0  12   0   0   0   0   0   0   0   0   0   0   0   0   0  52  52  52  52   0   0  61   0
   0   0  90  68   0   0   0   0  12  38  38  38  38   0   0   0  39  39  39  39   0   0   0  35   0   0   0   0  61   0
   0  43  90   0  96   0   0   0  12   0   0   0   0   0   0  33  33  33  33   0   0   0   0  35   0  51  51  51  51   0
   0  43  90   0  96   0   0   0  22  22  22  22   0   0  37   0   0   6  86  86  86  86   0  35   9   9   9   9   0   0
   0  43   0   0  96   0  32  32  32  32   0   0   0   0  37  50   0   6   0   0   0  21   0  35   0   0  78  78  78  78
   0  43   0   0  96  83  83  83  83   0   0   0   0   0  37  50   0   6   0   0   0  21  67  67  67  67   5   5   5   5
   0   0   0   0  20  20  20  20   0   0   0   0   0   0  37  50   0   6   0   0   0  21   0  91  91  91  91   0   0   0
   0   0   0  76  76  76  76   0   0   0  16  16  16  16   0  50   0  74  74  74  74  21   0   0   0   0  89  89  89  89

Final board:
      Hits: 396
    Misses: 504
Duplicates: 5856
Boats Sunk:  99
  -1  -1  -1  -1  -1 187 187 187 187  -1  -1 184 184 184 184  -1  -1  -1  -1 118 118 118 118  -1  -1  -1  -1  -1  -1  -1
  -1  -1 124 124 124 124  -1  -1  -1  -1  -1  -1  -1  -1  -1  -1  -1  -1  -1 162 162 162 162  -1  -1  -1  -1  -1  -1  -1
  -1 180 180 180 180  -1  -1  -1  -1  -1  -1  -1  -1  -1 153  -1  -1  -1  -1  -1  -1  -1  -1  -1  -1 117  -1  -1  -1  -1
  -1  -1  -1  -1 170 170 170 170  -1  -1  -1  -1  -1 144 153  -1 148  -1 130 130 130 130  -1  -1  -1 117 154 154 154 154
 165  -1  -1  -1  -1 123  -1  -1  -1  -1  -1  -1  -1 144 153 199 148  -1  -1  -1  -1  -1 131  -1  -1 117  -1  -1  -1  -1
 165  -1  -1  -1 127 123  -1  -1  -1  -1  -1 173  -1 144 153 199 148  -1  -1  -1  -1  -1 131  -1  -1 117  -1  -1  -1  -1
 165  -1  -1  -1 127 123  -1  -1 177 142  -1 173  -1 144  -1 199 148  -1  -1  -1  -1  -1 131  -1  -1  -1 110 110 110 110
 165  -1  -1  -1 127 123  -1  -1 177 142  -1 173  -1 185  -1 199  -1 119 119 119 119  -1 131  -1 156 156 156 156  -1  -1
  -1  -1  -1  -1 127  -1  -1 102 177 142  -1 173  -1 185  -1  -1  -1 134  -1 163 163 163 163  -1 114 114 114 114  -1  -1
  -1 158 158 158 158  -1  -1 102 177 142  -1  -1  -1 185  -1  -1  -1 134  -1  -1 192 192 192 192  -1  -1  -1  -1 193  -1
  -1  -1  -1  -1  -1  -1  -1 102  -1 172  -1 126  -1 185  -1  -1  -1 134 169  -1 160  -1  -1  -1 149 149 149 149 193  -1
 197 197 197 197  -1  -1  -1 102  -1 172 198 126  -1  -1  -1  -1  -1 134 169  -1 160  -1  -1 145 145 145 145  -1 193  -1
  -1 182 182 182 182  -1 146  -1  -1 172 198 126  -1 115 115 115 115  -1 169  -1 160  -1  -1  -1 166  -1  -1  -1 193  -1
 140  -1  -1 155  -1  -1 146  -1  -1 172 198 126  -1  -1  -1  -1  -1  -1 169  -1 160  -1  -1  -1 166  -1  -1  -1  -1  -1
 140  -1  -1 155  -1  -1 146  -1  -1  -1 198 194 171  -1  -1  -1  -1 104 104 104 104  -1  -1 101 166  -1 108  -1 159  -1
 140  -1  -1 155  -1  -1 146  -1  -1  -1  -1 194 171  -1 125 125 125 125  -1  -1  -1  -1  -1 101 166  -1 108  -1 159  -1
 140  -1  -1 155  -1  -1  -1  -1  -1  -1  -1 194 171  -1  -1  -1  -1 179 195 195 195 195  -1 101  -1 164 108  -1 159  -1
 147  -1 103  -1 107 107 107 107  -1  -1  -1 194 171  -1  -1  -1  -1 179  -1  -1  -1  -1  -1 101  -1 164 108  -1 159  -1
 147  -1 103  -1  -1  -1  -1 128 128 128 128  -1 157 157 157 157  -1 179  -1  -1  -1  -1  -1  -1  -1 164  -1  -1  -1  -1
 147  -1 103  -1  -1  -1  -1  -1  -1 175 175 175 175 136 136 136 136 179  -1  -1  -1  -1  -1  -1  -1 164  -1  -1  -1  -1
 147  -1 103 168 181 181 181 181  -1  -1  -1  -1  -1  -1 188 188 188 188  -1  -1  -1  -1  -1  -1  -1  -1  -1  -1 161  -1
  -1  -1  -1 168 141 141 141 141 112  -1  -1  -1  -1 113 113 113 113  -1 111 111 111 111  -1 129 129 129 129  -1 161  -1
  -1  -1 190 168  -1  -1  -1  -1 112  -1  -1  -1  -1  -1  -1  -1  -1  -1  -1  -1  -1  -1 152 152 152 152  -1  -1 161  -1
  -1  -1 190 168  -1  -1  -1  -1 112 138 138 138 138  -1  -1  -1 139 139 139 139  -1  -1  -1 135  -1  -1  -1  -1 161  -1
  -1 143 190  -1 196  -1  -1  -1 112  -1  -1  -1  -1  -1  -1 133 133 133 133  -1  -1  -1  -1 135  -1 151 151 151 151  -1
  -1 143 190  -1 196  -1  -1  -1 122 122 122 122  -1  -1 137  -1  -1 106 186 186 186 186  -1 135 109 109 109 109  -1  -1
  -1 143  -1  -1 196  -1 132 132 132 132  -1  -1  -1  -1 137 150  -1 106  -1  -1  -1 121  -1 135  -1  -1 178 178 178 178
  -1 143  -1  -1 196 183 183 183 183  -1  -1  -1  -1  -1 137 150  -1 106  -1  -1  -1 121 167 167 167 167 105 105 105 105
  -1  -1  -1  -1 120 120 120 120  -1  -1  -1  -1  -1  -1 137 150  -1 106  -1  -1  -1 121  -1 191 191 191 191  -1  -1  -1
  -1  -1  -1 176 176 176 176  -1  -1  -1 116 116 116 116  -1 150  -1 174 174 174 174 121  -1  -1  -1  -1 189 189 189 189

