Boats placed:
   0   0   0   0   0   0   0   0   0   0
   0   0   0   0   0   0   0   0   5   0
   0   0   0   0   0   0   0   0   5   0
   0   0   0   0   0   0   0   0   5   0
   0   0   0   1   0   0   0   0   5   0
   0   0   0   1   3   3   3   3   0   0
   0   0   0   1   0   0   4   4   4   4
   0   0   0   1   0   0   2   2   2   2
   0   0   0   0   0   0   0   0   0   0
   0   0   0   0   0   0   0   0   0   0

MISS
      Hits:   0
    Misses:   1
Duplicates:   0
Boats Sunk:   0
   0   0   0   0   0   0   0   0   0   0
   0   0   0   0   0   0   0   0   5   0
   0   0   0   0   0   0   0   0   5   0
   0   0   0   0   0   0   0  -1   5   0
   0   0   0   1   0   0   0   0   5   0
   0   0   0   1   3   3   3   3   0   0
   0   0   0   1   0   0   4   4   4   4
   0   0   0   1   0   0   2   2   2   2
   0   0   0   0   0   0   0   0   0   0
   0   0   0   0   0   0   0   0   0   0

MISS
      Hits:   0
    Misses:   2
Duplicates:   0
Boats Sunk:   0
   0   0   0   0   0   0   0   0   0   0
   0   0   0   0   0   0   0   0   5   0
   0   0   0   0   0   0   0   0   5   0
   0   0   0   0   0   0   0  -1   5   0
   0   0   0   1   0   0   0   0   5   0
   0   0   0   1   3   3   3   3   0   0
   0   0   0   1   0   0   4   4   4   4
   0   0   0   1   0   0   2   2   2   2
   0   0   0   0   0   0   0   0   0   0
   0  -1   0   0   0   0   0   0   0   0

MISS
      Hits:   0
    Misses:   3
Duplicates:   0
Boats Sunk:   0
   0   0   0   0   0   0   0   0   0   0
   0   0   0   0   0   0   0   0   5   0
   0   0   0   0   0   0   0   0   5   0
   0   0   0   0   0   0   0  -1   5   0
   0   0   0   1   0   0   0   0   5   0
   0   0   0   1   3   3   3   3   0   0
   0   0   0   1   0   0   4   4   4   4
   0   0   0   1   0   0   2   2   2   2
   0   0   0   0  -1   0   0   0   0   0
   0  -1   0   0   0   0   0   0   0   0

MISS
      Hits:   0
    Misses:   4
Duplicates:   1
Boats Sunk:   0
   0   0   0   0   0   0   0   0   0   0
   0   0  -1   0   0   0   0   0   5   0
   0   0   0   0   0   0   0   0   5   0
   0   0   0   0   0   0   0  -1   5   0
   0   0   0   1   0   0   0   0   5   0
   0   0   0   1   3   3   3   3   0   0
   0   0   0   1   0   0   4   4   4   4
   0   0   0   1   0   0   2   2   2   2
   0   0   0   0  -1   0   0   0   0   0
   0  -1   0   0   0   0   0   0   0   0

MISS
      Hits:   0
    Misses:   5
Duplicates:   1
Boats Sunk:   0
   0   0   0   0   0   0   0   0   0   0
   0   0  -1   0   0   0   0   0   5   0
   0   0   0  -1   0   0   0   0   5   0
   0   0   0   0   0   0   0  -1   5   0
   0   0   0   1   0   0   0   0   5   0
   0   0   0   1   3   3   3   3   0   0
   0   0   0   1   0   0   4   4   4   4
   0   0   0   1   0   0   2   2   2   2
   0   0   0   0  -1   0   0   0   0   0
   0  -1   0   0   0   0   0   0   0   0

MISS
      Hits:   0
    Misses:   6
Duplicates:   1
Boats Sunk:   0
   0  -1   0   0   0   0   0   0   0   0
   0   0  -1   0   0   0   0   0   5   0
   0   0   0  -1   0   0   0   0   5   0
   0   0   0   0   0   0   0  -1   5   0
   0   0   0   1   0   0   0   0   5   0
   0   0   0   1   3   3   3   3   0   0
   0   0   0   1   0   0   4   4   4   4
   0   0   0   1   0   0   2   2   2   2
   0   0   0   0  -1   0   0   0   0   0
   0  -1   0   0   0   0   0   0   0   0

MISS
      Hits:   0
    Misses:   7
Duplicates:   1
Boats Sunk:   0
   0  -1   0   0   0   0   0   0   0   0
   0   0  -1   0   0   0   0   0   5   0
   0   0   0  -1   0   0   0   0   5   0
   0   0   0   0   0   0   0  -1   5   0
   0   0   0   1   0   0   0   0   5   0
   0   0   0   1   3   3   3   3   0   0
   0   0   0   1   0   0   4   4   4   4
   0   0   0   1   0   0   2   2   2   2
   0   0   0   0  -1   0   0   0   0  -1
   0  -1   0   0   0   0   0   0   0   0

MISS
      Hits:   0
    Misses:   8
Duplicates:   1
Boats Sunk:   0
   0  -1   0   0   0   0   0   0   0   0
   0   0  -1   0   0   0   0   0   5   0
   0   0   0  -1   0  -1   0   0   5   0
   0   0   0   0   0   0   0  -1   5   0
   0   0   0   1   0   0   0   0   5   0
   0   0   0   1   3   3   3   3   0   0
   0   0   0   1   0   0   4   4   4   4
   0   0   0   1   0   0   2   2   2   2
   0   0   0   0  -1   0   0   0   0  -1
   0  -1   0   0   0   0   0   0   0   0

MISS
      Hits:   0
    Misses:   9
Duplicates:   1
Boats Sunk:   0
   0  -1   0   0   0   0   0   0   0   0
   0   0  -1   0   0   0   0   0   5   0
   0   0   0  -1   0  -1   0   0   5   0
   0   0   0   0   0   0   0  -1   5   0
   0   0   0   1   0   0   0   0   5   0
   0   0   0   1   3   3   3   3   0   0
   0   0   0   1   0   0   4   4   4   4
   0   0   0   1   0   0   2   2   2   2
   0   0   0   0  -1   0   0   0   0  -1
   0  -1   0   0   0  -1   0   0   0   0

MISS
      Hits:   0
    Misses:  10
Duplicates:   1
Boats Sunk:   0
   0  -1   0   0   0   0   0   0   0   0
  -1   0  -1   0   0   0   0   0   5   0
   0   0   0  -1   0  -1   0   0   5   0
   0   0   0   0   0   0   0  -1   5   0
   0   0   0   1   0   0   0   0   5   0
   0   0   0   1   3   3   3   3   0   0
   0   0   0   1   0   0   4   4   4   4
   0   0   0   1   0   0   2   2   2   2
   0   0   0   0  -1   0   0   0   0  -1
   0  -1   0   0   0  -1   0   0   0   0

HIT
      Hits:   1
    Misses:  10
Duplicates:   1
Boats Sunk:   0
   0  -1   0   0   0   0   0   0   0   0
  -1   0  -1   0   0   0   0   0   5   0
   0   0   0  -1   0  -1   0   0   5   0
   0   0   0   0   0   0   0  -1   5   0
   0   0   0   1   0   0   0   0   5   0
   0   0   0   1   3   3   3   3   0   0
   0   0   0   1   0   0   4   4   4   4
   0   0   0   1   0   0   2 102   2   2
   0   0   0   0  -1   0   0   0   0  -1
   0  -1   0   0   0  -1   0   0   0   0

MISS
      Hits:   1
    Misses:  11
Duplicates:   1
Boats Sunk:   0
   0  -1   0   0   0   0   0   0   0   0
  -1   0  -1   0   0   0   0   0   5   0
   0   0   0  -1   0  -1   0   0   5   0
   0   0   0  -1   0   0   0  -1   5   0
   0   0   0   1   0   0   0   0   5   0
   0   0   0   1   3   3   3   3   0   0
   0   0   0   1   0   0   4   4   4   4
   0   0   0   1   0   0   2 102   2   2
   0   0   0   0  -1   0   0   0   0  -1
   0  -1   0   0   0  -1   0   0   0   0

MISS
      Hits:   1
    Misses:  12
Duplicates:   3
Boats Sunk:   0
   0  -1   0   0   0   0   0   0   0   0
  -1   0  -1   0  -1   0   0   0   5   0
   0   0   0  -1   0  -1   0   0   5   0
   0   0   0  -1   0   0   0  -1   5   0
   0   0   0   1   0   0   0   0   5   0
   0   0   0   1   3   3   3   3   0   0
   0   0   0   1   0   0   4   4   4   4
   0   0   0   1   0   0   2 102   2   2
   0   0   0   0  -1   0   0   0   0  -1
   0  -1   0   0   0  -1   0   0   0   0

HIT
      Hits:   2
    Misses:  12
Duplicates:   3
Boats Sunk:   0
   0  -1   0   0   0   0   0   0   0   0
  -1   0  -1   0  -1   0   0   0   5   0
   0   0   0  -1   0  -1   0   0   5   0
   0   0   0  -1   0   0   0  -1   5   0
   0   0   0   1   0   0   0   0   5   0
   0   0   0   1   3   3   3   3   0   0
   0   0   0   1   0   0   4   4   4   4
   0   0   0   1   0   0 102 102   2   2
   0   0   0   0  -1   0   0   0   0  -1
   0  -1   0   0   0  -1   0   0   0   0

MISS
      Hits:   2
    Misses:  13
Duplicates:   3
Boats Sunk:   0
   0  -1   0   0   0   0   0   0   0   0
  -1   0  -1   0  -1   0   0   0   5   0
   0   0   0  -1   0  -1   0   0   5   0
   0   0   0  -1   0   0   0  -1   5   0
   0   0   0   1   0   0   0   0   5   0
   0   0   0   1   3   3   3   3  -1   0
   0   0   0   1   0   0   4   4   4   4
   0   0   0   1   0   0 102 102   2   2
   0   0   0   0  -1   0   0   0   0  -1
   0  -1   0   0   0  -1   0   0   0   0

MISS
      Hits:   2
    Misses:  14
Duplicates:   3
Boats Sunk:   0
   0  -1   0   0   0   0   0   0   0   0
  -1   0  -1   0  -1   0   0   0   5   0
   0   0   0  -1   0  -1   0   0   5   0
   0   0   0  -1   0   0   0  -1   5   0
   0   0   0   1   0   0   0   0   5   0
   0   0  -1   1   3   3   3   3  -1   0
   0   0   0   1   0   0   4   4   4   4
   0   0   0   1   0   0 102 102   2   2
   0   0   0   0  -1   0   0   0   0  -1
   0  -1   0   0   0  -1   0   0   0   0

MISS
      Hits:   2
    Misses:  15
Duplicates:   5
Boats Sunk:   0
   0  -1   0   0   0   0   0   0   0   0
  -1   0  -1   0  -1   0   0   0   5   0
   0   0   0  -1   0  -1   0   0   5   0
   0   0   0  -1   0   0   0  -1   5   0
   0   0   0   1   0  -1   0   0   5   0
   0   0  -1   1   3   3   3   3  -1   0
   0   0   0   1   0   0   4   4   4   4
   0   0   0   1   0   0 102 102   2   2
   0   0   0   0  -1   0   0   0   0  -1
   0  -1   0   0   0  -1   0   0   0   0

HIT
      Hits:   3
    Misses:  15
Duplicates:   7
Boats Sunk:   0
   0  -1   0   0   0   0   0   0   0   0
  -1   0  -1   0  -1   0   0   0   5   0
   0   0   0  -1   0  -1   0   0   5   0
   0   0   0  -1   0   0   0  -1   5   0
   0   0   0   1   0  -1   0   0 105   0
   0   0  -1   1   3   3   3   3  -1   0
   0   0   0   1   0   0   4   4   4   4
   0   0   0   1   0   0 102 102   2   2
   0   0   0   0  -1   0   0   0   0  -1
   0  -1   0   0   0  -1   0   0   0   0

MISS
      Hits:   3
    Misses:  16
Duplicates:   7
Boats Sunk:   0
   0  -1   0   0   0   0   0   0   0   0
  -1   0  -1   0  -1   0   0   0   5   0
   0   0   0  -1   0  -1   0   0   5   0
   0   0   0  -1   0  -1   0  -1   5   0
   0   0   0   1   0  -1   0   0 105   0
   0   0  -1   1   3   3   3   3  -1   0
   0   0   0   1   0   0   4   4   4   4
   0   0   0   1   0   0 102 102   2   2
   0   0   0   0  -1   0   0   0   0  -1
   0  -1   0   0   0  -1   0   0   0   0

MISS
      Hits:   3
    Misses:  17
Duplicates:   7
Boats Sunk:   0
   0  -1   0   0   0   0   0   0   0   0
  -1   0  -1   0  -1   0   0   0   5   0
   0   0   0  -1   0  -1   0   0   5   0
   0   0   0  -1   0  -1   0  -1   5   0
   0   0   0   1   0  -1   0   0 105   0
   0   0  -1   1   3   3   3   3  -1   0
   0   0   0   1   0   0   4   4   4   4
   0   0   0   1   0   0 102 102   2   2
   0   0   0   0  -1   0   0  -1   0  -1
   0  -1   0   0   0  -1   0   0   0   0

MISS
      Hits:   3
    Misses:  18
Duplicates:   9
Boats Sunk:   0
   0  -1   0   0   0   0   0   0   0   0
  -1   0  -1  -1  -1   0   0   0   5   0
   0   0   0  -1   0  -1   0   0   5   0
   0   0   0  -1   0  -1   0  -1   5   0
   0   0   0   1   0  -1   0   0 105   0
   0   0  -1   1   3   3   3   3  -1   0
   0   0   0   1   0   0   4   4   4   4
   0   0   0   1   0   0 102 102   2   2
   0   0   0   0  -1   0   0  -1   0  -1
   0  -1   0   0   0  -1   0   0   0   0

MISS
      Hits:   3
    Misses:  19
Duplicates:   9
Boats Sunk:   0
   0  -1   0   0   0   0   0   0   0   0
  -1   0  -1  -1  -1   0   0   0   5   0
   0   0   0  -1   0  -1   0   0   5   0
   0   0   0  -1   0  -1   0  -1   5   0
   0   0   0   1   0  -1   0   0 105   0
   0   0  -1   1   3   3   3   3  -1   0
   0   0   0   1   0   0   4   4   4   4
   0   0   0   1   0   0 102 102   2   2
   0   0   0  -1  -1   0   0  -1   0  -1
   0  -1   0   0   0  -1   0   0   0   0

MISS
      Hits:   3
    Misses:  20
Duplicates:  10
Boats Sunk:   0
   0  -1   0   0   0   0   0   0   0   0
  -1   0  -1  -1  -1   0   0   0   5   0
   0  -1   0  -1   0  -1   0   0   5   0
   0   0   0  -1   0  -1   0  -1   5   0
   0   0   0   1   0  -1   0   0 105   0
   0   0  -1   1   3   3   3   3  -1   0
   0   0   0   1   0   0   4   4   4   4
   0   0   0   1   0   0 102 102   2   2
   0   0   0  -1  -1   0   0  -1   0  -1
   0  -1   0   0   0  -1   0   0   0   0

MISS
      Hits:   3
    Misses:  21
Duplicates:  10
Boats Sunk:   0
   0  -1   0   0   0   0   0   0   0   0
  -1   0  -1  -1  -1   0   0   0   5   0
   0  -1   0  -1   0  -1   0   0   5   0
   0   0   0  -1   0  -1   0  -1   5   0
  -1   0   0   1   0  -1   0   0 105   0
   0   0  -1   1   3   3   3   3  -1   0
   0   0   0   1   0   0   4   4   4   4
   0   0   0   1   0   0 102 102   2   2
   0   0   0  -1  -1   0   0  -1   0  -1
   0  -1   0   0   0  -1   0   0   0   0

HIT
      Hits:   4
    Misses:  21
Duplicates:  10
Boats Sunk:   0
   0  -1   0   0   0   0   0   0   0   0
  -1   0  -1  -1  -1   0   0   0   5   0
   0  -1   0  -1   0  -1   0   0   5   0
   0   0   0  -1   0  -1   0  -1   5   0
  -1   0   0   1   0  -1   0   0 105   0
   0   0  -1   1   3   3   3   3  -1   0
   0   0   0   1   0   0   4   4 104   4
   0   0   0   1   0   0 102 102   2   2
   0   0   0  -1  -1   0   0  -1   0  -1
   0  -1   0   0   0  -1   0   0   0   0

MISS
      Hits:   4
    Misses:  22
Duplicates:  10
Boats Sunk:   0
   0  -1   0   0   0   0   0   0   0   0
  -1   0  -1  -1  -1   0   0   0   5   0
   0  -1   0  -1   0  -1   0   0   5   0
   0   0   0  -1   0  -1   0  -1   5   0
  -1   0   0   1   0  -1   0   0 105   0
   0   0  -1   1   3   3   3   3  -1   0
   0   0  -1   1   0   0   4   4 104   4
   0   0   0   1   0   0 102 102   2   2
   0   0   0  -1  -1   0   0  -1   0  -1
   0  -1   0   0   0  -1   0   0   0   0

MISS
      Hits:   4
    Misses:  23
Duplicates:  10
Boats Sunk:   0
   0  -1   0   0   0   0   0   0   0   0
  -1   0  -1  -1  -1   0   0   0   5   0
   0  -1   0  -1  -1  -1   0   0   5   0
   0   0   0  -1   0  -1   0  -1   5   0
  -1   0   0   1   0  -1   0   0 105   0
   0   0  -1   1   3   3   3   3  -1   0
   0   0  -1   1   0   0   4   4 104   4
   0   0   0   1   0   0 102 102   2   2
   0   0   0  -1  -1   0   0  -1   0  -1
   0  -1   0   0   0  -1   0   0   0   0

MISS
      Hits:   4
    Misses:  24
Duplicates:  10
Boats Sunk:   0
   0  -1   0   0   0   0   0   0   0   0
  -1   0  -1  -1  -1   0   0   0   5   0
   0  -1   0  -1  -1  -1   0   0   5   0
   0   0   0  -1   0  -1   0  -1   5   0
  -1   0   0   1   0  -1   0   0 105   0
   0   0  -1   1   3   3   3   3  -1   0
   0   0  -1   1   0   0   4   4 104   4
   0   0   0   1  -1   0 102 102   2   2
   0   0   0  -1  -1   0   0  -1   0  -1
   0  -1   0   0   0  -1   0   0   0   0

HIT
      Hits:   5
    Misses:  24
Duplicates:  10
Boats Sunk:   0
   0  -1   0   0   0   0   0   0   0   0
  -1   0  -1  -1  -1   0   0   0   5   0
   0  -1   0  -1  -1  -1   0   0   5   0
   0   0   0  -1   0  -1   0  -1   5   0
  -1   0   0   1   0  -1   0   0 105   0
   0   0  -1   1   3   3   3   3  -1   0
   0   0  -1   1   0   0 104   4 104   4
   0   0   0   1  -1   0 102 102   2   2
   0   0   0  -1  -1   0   0  -1   0  -1
   0  -1   0   0   0  -1   0   0   0   0

HIT
      Hits:   6
    Misses:  24
Duplicates:  10
Boats Sunk:   0
   0  -1   0   0   0   0   0   0   0   0
  -1   0  -1  -1  -1   0   0   0   5   0
   0  -1   0  -1  -1  -1   0   0   5   0
   0   0   0  -1   0  -1   0  -1   5   0
  -1   0   0   1   0  -1   0   0 105   0
   0   0  -1 101   3   3   3   3  -1   0
   0   0  -1   1   0   0 104   4 104   4
   0   0   0   1  -1   0 102 102   2   2
   0   0   0  -1  -1   0   0  -1   0  -1
   0  -1   0   0   0  -1   0   0   0   0

MISS
      Hits:   6
    Misses:  25
Duplicates:  10
Boats Sunk:   0
   0  -1   0   0   0   0   0   0   0   0
  -1   0  -1  -1  -1   0   0   0   5   0
   0  -1   0  -1  -1  -1   0   0   5   0
   0   0   0  -1   0  -1   0  -1   5   0
  -1   0   0   1   0  -1   0   0 105   0
   0   0  -1 101   3   3   3   3  -1   0
   0   0  -1   1  -1   0 104   4 104   4
   0   0   0   1  -1   0 102 102   2   2
   0   0   0  -1  -1   0   0  -1   0  -1
   0  -1   0   0   0  -1   0   0   0   0

MISS
      Hits:   6
    Misses:  26
Duplicates:  11
Boats Sunk:   0
   0  -1   0   0   0   0   0   0   0   0
  -1   0  -1  -1  -1   0   0   0   5   0
   0  -1   0  -1  -1  -1   0   0   5   0
   0   0   0  -1   0  -1  -1  -1   5   0
  -1   0   0   1   0  -1   0   0 105   0
   0   0  -1 101   3   3   3   3  -1   0
   0   0  -1   1  -1   0 104   4 104   4
   0   0   0   1  -1   0 102 102   2   2
   0   0   0  -1  -1   0   0  -1   0  -1
   0  -1   0   0   0  -1   0   0   0   0

MISS
      Hits:   6
    Misses:  27
Duplicates:  12
Boats Sunk:   0
   0  -1   0   0   0   0   0   0   0   0
  -1   0  -1  -1  -1   0   0   0   5   0
   0  -1   0  -1  -1  -1   0   0   5   0
   0   0   0  -1   0  -1  -1  -1   5   0
  -1   0   0   1   0  -1   0   0 105   0
   0   0  -1 101   3   3   3   3  -1   0
   0   0  -1   1  -1   0 104   4 104   4
   0   0   0   1  -1   0 102 102   2   2
   0   0   0  -1  -1   0   0  -1   0  -1
   0  -1   0  -1   0  -1   0   0   0   0

MISS
      Hits:   6
    Misses:  28
Duplicates:  12
Boats Sunk:   0
   0  -1   0   0   0   0   0   0   0   0
  -1   0  -1  -1  -1   0   0   0   5   0
   0  -1   0  -1  -1  -1   0   0   5   0
   0   0   0  -1   0  -1  -1  -1   5   0
  -1   0   0   1   0  -1  -1   0 105   0
   0   0  -1 101   3   3   3   3  -1   0
   0   0  -1   1  -1   0 104   4 104   4
   0   0   0   1  -1   0 102 102   2   2
   0   0   0  -1  -1   0   0  -1   0  -1
   0  -1   0  -1   0  -1   0   0   0   0

MISS
      Hits:   6
    Misses:  29
Duplicates:  12
Boats Sunk:   0
   0  -1   0   0   0   0   0   0   0   0
  -1   0  -1  -1  -1  -1   0   0   5   0
   0  -1   0  -1  -1  -1   0   0   5   0
   0   0   0  -1   0  -1  -1  -1   5   0
  -1   0   0   1   0  -1  -1   0 105   0
   0   0  -1 101   3   3   3   3  -1   0
   0   0  -1   1  -1   0 104   4 104   4
   0   0   0   1  -1   0 102 102   2   2
   0   0   0  -1  -1   0   0  -1   0  -1
   0  -1   0  -1   0  -1   0   0   0   0

HIT
      Hits:   7
    Misses:  29
Duplicates:  13
Boats Sunk:   0
   0  -1   0   0   0   0   0   0   0   0
  -1   0  -1  -1  -1  -1   0   0   5   0
   0  -1   0  -1  -1  -1   0   0 105   0
   0   0   0  -1   0  -1  -1  -1   5   0
  -1   0   0   1   0  -1  -1   0 105   0
   0   0  -1 101   3   3   3   3  -1   0
   0   0  -1   1  -1   0 104   4 104   4
   0   0   0   1  -1   0 102 102   2   2
   0   0   0  -1  -1   0   0  -1   0  -1
   0  -1   0  -1   0  -1   0   0   0   0

MISS
      Hits:   7
    Misses:  30
Duplicates:  13
Boats Sunk:   0
   0  -1   0   0   0   0   0   0   0   0
  -1   0  -1  -1  -1  -1   0  -1   5   0
   0  -1   0  -1  -1  -1   0   0 105   0
   0   0   0  -1   0  -1  -1  -1   5   0
  -1   0   0   1   0  -1  -1   0 105   0
   0   0  -1 101   3   3   3   3  -1   0
   0   0  -1   1  -1   0 104   4 104   4
   0   0   0   1  -1   0 102 102   2   2
   0   0   0  -1  -1   0   0  -1   0  -1
   0  -1   0  -1   0  -1   0   0   0   0

MISS
      Hits:   7
    Misses:  31
Duplicates:  13
Boats Sunk:   0
   0  -1   0   0   0   0   0   0   0   0
  -1   0  -1  -1  -1  -1   0  -1   5   0
   0  -1   0  -1  -1  -1   0   0 105   0
   0   0   0  -1   0  -1  -1  -1   5  -1
  -1   0   0   1   0  -1  -1   0 105   0
   0   0  -1 101   3   3   3   3  -1   0
   0   0  -1   1  -1   0 104   4 104   4
   0   0   0   1  -1   0 102 102   2   2
   0   0   0  -1  -1   0   0  -1   0  -1
   0  -1   0  -1   0  -1   0   0   0   0

MISS
      Hits:   7
    Misses:  32
Duplicates:  16
Boats Sunk:   0
   0  -1   0   0   0   0  -1   0   0   0
  -1   0  -1  -1  -1  -1   0  -1   5   0
   0  -1   0  -1  -1  -1   0   0 105   0
   0   0   0  -1   0  -1  -1  -1   5  -1
  -1   0   0   1   0  -1  -1   0 105   0
   0   0  -1 101   3   3   3   3  -1   0
   0   0  -1   1  -1   0 104   4 104   4
   0   0   0   1  -1   0 102 102   2   2
   0   0   0  -1  -1   0   0  -1   0  -1
   0  -1   0  -1   0  -1   0   0   0   0

MISS
      Hits:   7
    Misses:  33
Duplicates:  18
Boats Sunk:   0
   0  -1   0   0   0   0  -1   0   0   0
  -1   0  -1  -1  -1  -1   0  -1   5   0
   0  -1   0  -1  -1  -1   0   0 105   0
   0   0   0  -1   0  -1  -1  -1   5  -1
  -1   0   0   1   0  -1  -1   0 105   0
   0   0  -1 101   3   3   3   3  -1   0
   0   0  -1   1  -1   0 104   4 104   4
   0   0   0   1  -1   0 102 102   2   2
   0   0   0  -1  -1   0   0  -1   0  -1
   0  -1   0  -1   0  -1   0   0  -1   0

MISS
      Hits:   7
    Misses:  34
Duplicates:  19
Boats Sunk:   0
   0  -1   0   0   0   0  -1   0   0   0
  -1   0  -1  -1  -1  -1   0  -1   5   0
   0  -1   0  -1  -1  -1   0   0 105   0
   0   0   0  -1   0  -1  -1  -1   5  -1
  -1  -1   0   1   0  -1  -1   0 105   0
   0   0  -1 101   3   3   3   3  -1   0
   0   0  -1   1  -1   0 104   4 104   4
   0   0   0   1  -1   0 102 102   2   2
   0   0   0  -1  -1   0   0  -1   0  -1
   0  -1   0  -1   0  -1   0   0  -1   0

MISS
      Hits:   7
    Misses:  35
Duplicates:  19
Boats Sunk:   0
   0  -1   0   0   0   0  -1   0   0   0
  -1   0  -1  -1  -1  -1   0  -1   5   0
   0  -1   0  -1  -1  -1   0   0 105   0
   0   0  -1  -1   0  -1  -1  -1   5  -1
  -1  -1   0   1   0  -1  -1   0 105   0
   0   0  -1 101   3   3   3   3  -1   0
   0   0  -1   1  -1   0 104   4 104   4
   0   0   0   1  -1   0 102 102   2   2
   0   0   0  -1  -1   0   0  -1   0  -1
   0  -1   0  -1   0  -1   0   0  -1   0

HIT
      Hits:   8
    Misses:  35
Duplicates:  19
Boats Sunk:   0
   0  -1   0   0   0   0  -1   0   0   0
  -1   0  -1  -1  -1  -1   0  -1   5   0
   0  -1   0  -1  -1  -1   0   0 105   0
   0   0  -1  -1   0  -1  -1  -1   5  -1
  -1  -1   0   1   0  -1  -1   0 105   0
   0   0  -1 101   3   3   3   3  -1   0
   0   0  -1 101  -1   0 104   4 104   4
   0   0   0   1  -1   0 102 102   2   2
   0   0   0  -1  -1   0   0  -1   0  -1
   0  -1   0  -1   0  -1   0   0  -1   0

HIT
      Hits:   9
    Misses:  35
Duplicates:  19
Boats Sunk:   0
   0  -1   0   0   0   0  -1   0   0   0
  -1   0  -1  -1  -1  -1   0  -1   5   0
   0  -1   0  -1  -1  -1   0   0 105   0
   0   0  -1  -1   0  -1  -1  -1   5  -1
  -1  -1   0   1   0  -1  -1   0 105   0
   0   0  -1 101   3 103   3   3  -1   0
   0   0  -1 101  -1   0 104   4 104   4
   0   0   0   1  -1   0 102 102   2   2
   0   0   0  -1  -1   0   0  -1   0  -1
   0  -1   0  -1   0  -1   0   0  -1   0

MISS
      Hits:   9
    Misses:  36
Duplicates:  19
Boats Sunk:   0
   0  -1   0   0   0   0  -1   0   0   0
  -1   0  -1  -1  -1  -1   0  -1   5   0
   0  -1   0  -1  -1  -1   0   0 105   0
   0  -1  -1  -1   0  -1  -1  -1   5  -1
  -1  -1   0   1   0  -1  -1   0 105   0
   0   0  -1 101   3 103   3   3  -1   0
   0   0  -1 101  -1   0 104   4 104   4
   0   0   0   1  -1   0 102 102   2   2
   0   0   0  -1  -1   0   0  -1   0  -1
   0  -1   0  -1   0  -1   0   0  -1   0

MISS
      Hits:   9
    Misses:  37
Duplicates:  19
Boats Sunk:   0
   0  -1   0   0   0   0  -1   0   0   0
  -1   0  -1  -1  -1  -1   0  -1   5   0
   0  -1   0  -1  -1  -1   0   0 105   0
   0  -1  -1  -1   0  -1  -1  -1   5  -1
  -1  -1   0   1   0  -1  -1   0 105   0
   0   0  -1 101   3 103   3   3  -1   0
   0   0  -1 101  -1   0 104   4 104   4
   0  -1   0   1  -1   0 102 102   2   2
   0   0   0  -1  -1   0   0  -1   0  -1
   0  -1   0  -1   0  -1   0   0  -1   0

MISS
      Hits:   9
    Misses:  38
Duplicates:  21
Boats Sunk:   0
   0  -1   0   0   0   0  -1   0   0   0
  -1   0  -1  -1  -1  -1   0  -1   5   0
   0  -1   0  -1  -1  -1   0   0 105   0
   0  -1  -1  -1   0  -1  -1  -1   5  -1
  -1  -1   0   1   0  -1  -1   0 105   0
   0   0  -1 101   3 103   3   3  -1   0
   0   0  -1 101  -1   0 104   4 104   4
   0  -1   0   1  -1   0 102 102   2   2
   0   0   0  -1  -1   0   0  -1   0  -1
   0  -1  -1  -1   0  -1   0   0  -1   0

HIT
      Hits:  10
    Misses:  38
Duplicates:  23
Boats Sunk:   0
   0  -1   0   0   0   0  -1   0   0   0
  -1   0  -1  -1  -1  -1   0  -1   5   0
   0  -1   0  -1  -1  -1   0   0 105   0
   0  -1  -1  -1   0  -1  -1  -1   5  -1
  -1  -1   0   1   0  -1  -1   0 105   0
   0   0  -1 101   3 103   3   3  -1   0
   0   0  -1 101  -1   0 104   4 104   4
   0  -1   0   1  -1   0 102 102 102   2
   0   0   0  -1  -1   0   0  -1   0  -1
   0  -1  -1  -1   0  -1   0   0  -1   0

MISS
      Hits:  10
    Misses:  39
Duplicates:  24
Boats Sunk:   0
  -1  -1   0   0   0   0  -1   0   0   0
  -1   0  -1  -1  -1  -1   0  -1   5   0
   0  -1   0  -1  -1  -1   0   0 105   0
   0  -1  -1  -1   0  -1  -1  -1   5  -1
  -1  -1   0   1   0  -1  -1   0 105   0
   0   0  -1 101   3 103   3   3  -1   0
   0   0  -1 101  -1   0 104   4 104   4
   0  -1   0   1  -1   0 102 102 102   2
   0   0   0  -1  -1   0   0  -1   0  -1
   0  -1  -1  -1   0  -1   0   0  -1   0

MISS
      Hits:  10
    Misses:  40
Duplicates:  24
Boats Sunk:   0
  -1  -1   0   0   0   0  -1   0   0   0
  -1   0  -1  -1  -1  -1   0  -1   5   0
   0  -1   0  -1  -1  -1   0  -1 105   0
   0  -1  -1  -1   0  -1  -1  -1   5  -1
  -1  -1   0   1   0  -1  -1   0 105   0
   0   0  -1 101   3 103   3   3  -1   0
   0   0  -1 101  -1   0 104   4 104   4
   0  -1   0   1  -1   0 102 102 102   2
   0   0   0  -1  -1   0   0  -1   0  -1
   0  -1  -1  -1   0  -1   0   0  -1   0

MISS
      Hits:  10
    Misses:  41
Duplicates:  26
Boats Sunk:   0
  -1  -1   0   0   0   0  -1   0   0   0
  -1   0  -1  -1  -1  -1   0  -1   5   0
  -1  -1   0  -1  -1  -1   0  -1 105   0
   0  -1  -1  -1   0  -1  -1  -1   5  -1
  -1  -1   0   1   0  -1  -1   0 105   0
   0   0  -1 101   3 103   3   3  -1   0
   0   0  -1 101  -1   0 104   4 104   4
   0  -1   0   1  -1   0 102 102 102   2
   0   0   0  -1  -1   0   0  -1   0  -1
   0  -1  -1  -1   0  -1   0   0  -1   0

MISS
      Hits:  10
    Misses:  42
Duplicates:  26
Boats Sunk:   0
  -1  -1   0   0   0   0  -1   0   0   0
  -1   0  -1  -1  -1  -1   0  -1   5   0
  -1  -1   0  -1  -1  -1   0  -1 105   0
   0  -1  -1  -1   0  -1  -1  -1   5  -1
  -1  -1   0   1   0  -1  -1   0 105   0
   0   0  -1 101   3 103   3   3  -1   0
   0   0  -1 101  -1  -1 104   4 104   4
   0  -1   0   1  -1   0 102 102 102   2
   0   0   0  -1  -1   0   0  -1   0  -1
   0  -1  -1  -1   0  -1   0   0  -1   0

MISS
      Hits:  10
    Misses:  43
Duplicates:  26
Boats Sunk:   0
  -1  -1   0   0   0   0  -1   0   0   0
  -1   0  -1  -1  -1  -1   0  -1   5   0
  -1  -1   0  -1  -1  -1   0  -1 105   0
  -1  -1  -1  -1   0  -1  -1  -1   5  -1
  -1  -1   0   1   0  -1  -1   0 105   0
   0   0  -1 101   3 103   3   3  -1   0
   0   0  -1 101  -1  -1 104   4 104   4
   0  -1   0   1  -1   0 102 102 102   2
   0   0   0  -1  -1   0   0  -1   0  -1
   0  -1  -1  -1   0  -1   0   0  -1   0

MISS
      Hits:  10
    Misses:  44
Duplicates:  27
Boats Sunk:   0
  -1  -1   0   0   0   0  -1   0   0   0
  -1   0  -1  -1  -1  -1   0  -1   5   0
  -1  -1   0  -1  -1  -1   0  -1 105   0
  -1  -1  -1  -1   0  -1  -1  -1   5  -1
  -1  -1  -1   1   0  -1  -1   0 105   0
   0   0  -1 101   3 103   3   3  -1   0
   0   0  -1 101  -1  -1 104   4 104   4
   0  -1   0   1  -1   0 102 102 102   2
   0   0   0  -1  -1   0   0  -1   0  -1
   0  -1  -1  -1   0  -1   0   0  -1   0

MISS
      Hits:  10
    Misses:  45
Duplicates:  30
Boats Sunk:   0
  -1  -1   0   0   0   0  -1   0   0   0
  -1   0  -1  -1  -1  -1   0  -1   5   0
  -1  -1   0  -1  -1  -1   0  -1 105   0
  -1  -1  -1  -1   0  -1  -1  -1   5  -1
  -1  -1  -1   1   0  -1  -1   0 105   0
   0   0  -1 101   3 103   3   3  -1   0
   0   0  -1 101  -1  -1 104   4 104   4
   0  -1   0   1  -1   0 102 102 102   2
   0   0   0  -1  -1   0   0  -1   0  -1
   0  -1  -1  -1  -1  -1   0   0  -1   0

MISS
      Hits:  10
    Misses:  46
Duplicates:  30
Boats Sunk:   0
  -1  -1   0   0   0   0  -1   0   0   0
  -1   0  -1  -1  -1  -1   0  -1   5   0
  -1  -1   0  -1  -1  -1   0  -1 105   0
  -1  -1  -1  -1   0  -1  -1  -1   5  -1
  -1  -1  -1   1   0  -1  -1   0 105   0
   0   0  -1 101   3 103   3   3  -1   0
   0   0  -1 101  -1  -1 104   4 104   4
   0  -1   0   1  -1   0 102 102 102   2
   0   0   0  -1  -1   0   0  -1   0  -1
   0  -1  -1  -1  -1  -1   0  -1  -1   0

MISS
      Hits:  10
    Misses:  47
Duplicates:  30
Boats Sunk:   0
  -1  -1   0   0   0   0  -1   0   0   0
  -1   0  -1  -1  -1  -1   0  -1   5   0
  -1  -1  -1  -1  -1  -1   0  -1 105   0
  -1  -1  -1  -1   0  -1  -1  -1   5  -1
  -1  -1  -1   1   0  -1  -1   0 105   0
   0   0  -1 101   3 103   3   3  -1   0
   0   0  -1 101  -1  -1 104   4 104   4
   0  -1   0   1  -1   0 102 102 102   2
   0   0   0  -1  -1   0   0  -1   0  -1
   0  -1  -1  -1  -1  -1   0  -1  -1   0

MISS
      Hits:  10
    Misses:  48
Duplicates:  33
Boats Sunk:   0
  -1  -1   0   0   0   0  -1   0   0   0
  -1   0  -1  -1  -1  -1   0  -1   5   0
  -1  -1  -1  -1  -1  -1   0  -1 105   0
  -1  -1  -1  -1   0  -1  -1  -1   5  -1
  -1  -1  -1   1   0  -1  -1   0 105   0
   0   0  -1 101   3 103   3   3  -1   0
   0   0  -1 101  -1  -1 104   4 104   4
   0  -1   0   1  -1   0 102 102 102   2
   0   0   0  -1  -1   0   0  -1   0  -1
   0  -1  -1  -1  -1  -1  -1  -1  -1   0

MISS
      Hits:  10
    Misses:  49
Duplicates:  33
Boats Sunk:   0
  -1  -1   0   0   0   0  -1   0   0   0
  -1   0  -1  -1  -1  -1   0  -1   5   0
  -1  -1  -1  -1  -1  -1   0  -1 105   0
  -1  -1  -1  -1   0  -1  -1  -1   5  -1
  -1  -1  -1   1   0  -1  -1   0 105   0
   0  -1  -1 101   3 103   3   3  -1   0
   0   0  -1 101  -1  -1 104   4 104   4
   0  -1   0   1  -1   0 102 102 102   2
   0   0   0  -1  -1   0   0  -1   0  -1
   0  -1  -1  -1  -1  -1  -1  -1  -1   0

MISS
      Hits:  10
    Misses:  50
Duplicates:  33
Boats Sunk:   0
  -1  -1   0   0   0   0  -1   0   0   0
  -1   0  -1  -1  -1  -1   0  -1   5   0
  -1  -1  -1  -1  -1  -1   0  -1 105   0
  -1  -1  -1  -1   0  -1  -1  -1   5  -1
  -1  -1  -1   1   0  -1  -1   0 105   0
   0  -1  -1 101   3 103   3   3  -1   0
   0   0  -1 101  -1  -1 104   4 104   4
   0  -1   0   1  -1   0 102 102 102   2
   0   0   0  -1  -1   0  -1  -1   0  -1
   0  -1  -1  -1  -1  -1  -1  -1  -1   0

HIT
      Hits:  11
    Misses:  50
Duplicates:  36
Boats Sunk:   0
  -1  -1   0   0   0   0  -1   0   0   0
  -1   0  -1  -1  -1  -1   0  -1   5   0
  -1  -1  -1  -1  -1  -1   0  -1 105   0
  -1  -1  -1  -1   0  -1  -1  -1   5  -1
  -1  -1  -1   1   0  -1  -1   0 105   0
   0  -1  -1 101   3 103   3   3  -1   0
   0   0  -1 101  -1  -1 104 104 104   4
   0  -1   0   1  -1   0 102 102 102   2
   0   0   0  -1  -1   0  -1  -1   0  -1
   0  -1  -1  -1  -1  -1  -1  -1  -1   0

MISS
      Hits:  11
    Misses:  51
Duplicates:  39
Boats Sunk:   0
  -1  -1   0   0   0   0  -1   0   0   0
  -1   0  -1  -1  -1  -1   0  -1   5   0
  -1  -1  -1  -1  -1  -1   0  -1 105   0
  -1  -1  -1  -1   0  -1  -1  -1   5  -1
  -1  -1  -1   1   0  -1  -1   0 105   0
   0  -1  -1 101   3 103   3   3  -1   0
   0   0  -1 101  -1  -1 104 104 104   4
   0  -1   0   1  -1  -1 102 102 102   2
   0   0   0  -1  -1   0  -1  -1   0  -1
   0  -1  -1  -1  -1  -1  -1  -1  -1   0

HIT
      Hits:  12
    Misses:  51
Duplicates:  40
Boats Sunk:   0
  -1  -1   0   0   0   0  -1   0   0   0
  -1   0  -1  -1  -1  -1   0  -1   5   0
  -1  -1  -1  -1  -1  -1   0  -1 105   0
  -1  -1  -1  -1   0  -1  -1  -1   5  -1
  -1  -1  -1 101   0  -1  -1   0 105   0
   0  -1  -1 101   3 103   3   3  -1   0
   0   0  -1 101  -1  -1 104 104 104   4
   0  -1   0   1  -1  -1 102 102 102   2
   0   0   0  -1  -1   0  -1  -1   0  -1
   0  -1  -1  -1  -1  -1  -1  -1  -1   0

MISS
      Hits:  12
    Misses:  52
Duplicates:  41
Boats Sunk:   0
  -1  -1   0   0   0   0  -1   0   0   0
  -1   0  -1  -1  -1  -1   0  -1   5   0
  -1  -1  -1  -1  -1  -1   0  -1 105   0
  -1  -1  -1  -1   0  -1  -1  -1   5  -1
  -1  -1  -1 101   0  -1  -1   0 105   0
   0  -1  -1 101   3 103   3   3  -1   0
  -1   0  -1 101  -1  -1 104 104 104   4
   0  -1   0   1  -1  -1 102 102 102   2
   0   0   0  -1  -1   0  -1  -1   0  -1
   0  -1  -1  -1  -1  -1  -1  -1  -1   0

MISS
      Hits:  12
    Misses:  53
Duplicates:  43
Boats Sunk:   0
  -1  -1   0   0   0   0  -1   0   0   0
  -1   0  -1  -1  -1  -1   0  -1   5   0
  -1  -1  -1  -1  -1  -1   0  -1 105   0
  -1  -1  -1  -1   0  -1  -1  -1   5  -1
  -1  -1  -1 101   0  -1  -1   0 105   0
   0  -1  -1 101   3 103   3   3  -1  -1
  -1   0  -1 101  -1  -1 104 104 104   4
   0  -1   0   1  -1  -1 102 102 102   2
   0   0   0  -1  -1   0  -1  -1   0  -1
   0  -1  -1  -1  -1  -1  -1  -1  -1   0

MISS
      Hits:  12
    Misses:  54
Duplicates:  44
Boats Sunk:   0
  -1  -1   0   0   0   0  -1   0   0   0
  -1  -1  -1  -1  -1  -1   0  -1   5   0
  -1  -1  -1  -1  -1  -1   0  -1 105   0
  -1  -1  -1  -1   0  -1  -1  -1   5  -1
  -1  -1  -1 101   0  -1  -1   0 105   0
   0  -1  -1 101   3 103   3   3  -1  -1
  -1   0  -1 101  -1  -1 104 104 104   4
   0  -1   0   1  -1  -1 102 102 102   2
   0   0   0  -1  -1   0  -1  -1   0  -1
   0  -1  -1  -1  -1  -1  -1  -1  -1   0

HIT
      Hits:  13
    Misses:  54
Duplicates:  45
Boats Sunk:   0
  -1  -1   0   0   0   0  -1   0   0   0
  -1  -1  -1  -1  -1  -1   0  -1   5   0
  -1  -1  -1  -1  -1  -1   0  -1 105   0
  -1  -1  -1  -1   0  -1  -1  -1   5  -1
  -1  -1  -1 101   0  -1  -1   0 105   0
   0  -1  -1 101 103 103   3   3  -1  -1
  -1   0  -1 101  -1  -1 104 104 104   4
   0  -1   0   1  -1  -1 102 102 102   2
   0   0   0  -1  -1   0  -1  -1   0  -1
   0  -1  -1  -1  -1  -1  -1  -1  -1   0

MISS
      Hits:  13
    Misses:  55
Duplicates:  45
Boats Sunk:   0
  -1  -1   0   0   0   0  -1   0  -1   0
  -1  -1  -1  -1  -1  -1   0  -1   5   0
  -1  -1  -1  -1  -1  -1   0  -1 105   0
  -1  -1  -1  -1   0  -1  -1  -1   5  -1
  -1  -1  -1 101   0  -1  -1   0 105   0
   0  -1  -1 101 103 103   3   3  -1  -1
  -1   0  -1 101  -1  -1 104 104 104   4
   0  -1   0   1  -1  -1 102 102 102   2
   0   0   0  -1  -1   0  -1  -1   0  -1
   0  -1  -1  -1  -1  -1  -1  -1  -1   0

MISS
      Hits:  13
    Misses:  56
Duplicates:  46
Boats Sunk:   0
  -1  -1   0   0   0   0  -1   0  -1   0
  -1  -1  -1  -1  -1  -1   0  -1   5   0
  -1  -1  -1  -1  -1  -1   0  -1 105   0
  -1  -1  -1  -1   0  -1  -1  -1   5  -1
  -1  -1  -1 101   0  -1  -1   0 105   0
   0  -1  -1 101 103 103   3   3  -1  -1
  -1   0  -1 101  -1  -1 104 104 104   4
   0  -1   0   1  -1  -1 102 102 102   2
   0   0  -1  -1  -1   0  -1  -1   0  -1
   0  -1  -1  -1  -1  -1  -1  -1  -1   0

MISS
      Hits:  13
    Misses:  57
Duplicates:  47
Boats Sunk:   0
  -1  -1   0   0   0   0  -1   0  -1   0
  -1  -1  -1  -1  -1  -1   0  -1   5   0
  -1  -1  -1  -1  -1  -1  -1  -1 105   0
  -1  -1  -1  -1   0  -1  -1  -1   5  -1
  -1  -1  -1 101   0  -1  -1   0 105   0
   0  -1  -1 101 103 103   3   3  -1  -1
  -1   0  -1 101  -1  -1 104 104 104   4
   0  -1   0   1  -1  -1 102 102 102   2
   0   0  -1  -1  -1   0  -1  -1   0  -1
   0  -1  -1  -1  -1  -1  -1  -1  -1   0

MISS
      Hits:  13
    Misses:  58
Duplicates:  51
Boats Sunk:   0
  -1  -1   0   0   0   0  -1   0  -1   0
  -1  -1  -1  -1  -1  -1   0  -1   5   0
  -1  -1  -1  -1  -1  -1  -1  -1 105   0
  -1  -1  -1  -1  -1  -1  -1  -1   5  -1
  -1  -1  -1 101   0  -1  -1   0 105   0
   0  -1  -1 101 103 103   3   3  -1  -1
  -1   0  -1 101  -1  -1 104 104 104   4
   0  -1   0   1  -1  -1 102 102 102   2
   0   0  -1  -1  -1   0  -1  -1   0  -1
   0  -1  -1  -1  -1  -1  -1  -1  -1   0

SUNK
      Hits:  14
    Misses:  58
Duplicates:  51
Boats Sunk:   1
  -1  -1   0   0   0   0  -1   0  -1   0
  -1  -1  -1  -1  -1  -1   0  -1   5   0
  -1  -1  -1  -1  -1  -1  -1  -1 105   0
  -1  -1  -1  -1  -1  -1  -1  -1   5  -1
  -1  -1  -1 101   0  -1  -1   0 105   0
   0  -1  -1 101 103 103   3   3  -1  -1
  -1   0  -1 101  -1  -1 104 104 104   4
   0  -1   0   1  -1  -1 102 102 102 102
   0   0  -1  -1  -1   0  -1  -1   0  -1
   0  -1  -1  -1  -1  -1  -1  -1  -1   0

SUNK
      Hits:  15
    Misses:  58
Duplicates:  57
Boats Sunk:   2
  -1  -1   0   0   0   0  -1   0  -1   0
  -1  -1  -1  -1  -1  -1   0  -1   5   0
  -1  -1  -1  -1  -1  -1  -1  -1 105   0
  -1  -1  -1  -1  -1  -1  -1  -1   5  -1
  -1  -1  -1 101   0  -1  -1   0 105   0
   0  -1  -1 101 103 103   3   3  -1  -1
  -1   0  -1 101  -1  -1 104 104 104 104
   0  -1   0   1  -1  -1 102 102 102 102
   0   0  -1  -1  -1   0  -1  -1   0  -1
   0  -1  -1  -1  -1  -1  -1  -1  -1   0

MISS
      Hits:  15
    Misses:  59
Duplicates:  64
Boats Sunk:   2
  -1  -1   0   0   0   0  -1   0  -1   0
  -1  -1  -1  -1  -1  -1   0  -1   5  -1
  -1  -1  -1  -1  -1  -1  -1  -1 105   0
  -1  -1  -1  -1  -1  -1  -1  -1   5  -1
  -1  -1  -1 101   0  -1  -1   0 105   0
   0  -1  -1 101 103 103   3   3  -1  -1
  -1   0  -1 101  -1  -1 104 104 104 104
   0  -1   0   1  -1  -1 102 102 102 102
   0   0  -1  -1  -1   0  -1  -1   0  -1
   0  -1  -1  -1  -1  -1  -1  -1  -1   0

MISS
      Hits:  15
    Misses:  60
Duplicates:  71
Boats Sunk:   2
  -1  -1   0   0   0   0  -1   0  -1   0
  -1  -1  -1  -1  -1  -1   0  -1   5  -1
  -1  -1  -1  -1  -1  -1  -1  -1 105   0
  -1  -1  -1  -1  -1  -1  -1  -1   5  -1
  -1  -1  -1 101   0  -1  -1   0 105   0
   0  -1  -1 101 103 103   3   3  -1  -1
  -1   0  -1 101  -1  -1 104 104 104 104
   0  -1   0   1  -1  -1 102 102 102 102
   0   0  -1  -1  -1   0  -1  -1  -1  -1
   0  -1  -1  -1  -1  -1  -1  -1  -1   0

HIT
      Hits:  16
    Misses:  60
Duplicates:  75
Boats Sunk:   2
  -1  -1   0   0   0   0  -1   0  -1   0
  -1  -1  -1  -1  -1  -1   0  -1   5  -1
  -1  -1  -1  -1  -1  -1  -1  -1 105   0
  -1  -1  -1  -1  -1  -1  -1  -1   5  -1
  -1  -1  -1 101   0  -1  -1   0 105   0
   0  -1  -1 101 103 103 103   3  -1  -1
  -1   0  -1 101  -1  -1 104 104 104 104
   0  -1   0   1  -1  -1 102 102 102 102
   0   0  -1  -1  -1   0  -1  -1  -1  -1
   0  -1  -1  -1  -1  -1  -1  -1  -1   0

MISS
      Hits:  16
    Misses:  61
Duplicates:  78
Boats Sunk:   2
  -1  -1   0   0  -1   0  -1   0  -1   0
  -1  -1  -1  -1  -1  -1   0  -1   5  -1
  -1  -1  -1  -1  -1  -1  -1  -1 105   0
  -1  -1  -1  -1  -1  -1  -1  -1   5  -1
  -1  -1  -1 101   0  -1  -1   0 105   0
   0  -1  -1 101 103 103 103   3  -1  -1
  -1   0  -1 101  -1  -1 104 104 104 104
   0  -1   0   1  -1  -1 102 102 102 102
   0   0  -1  -1  -1   0  -1  -1  -1  -1
   0  -1  -1  -1  -1  -1  -1  -1  -1   0

MISS
      Hits:  16
    Misses:  62
Duplicates:  80
Boats Sunk:   2
  -1  -1   0   0  -1   0  -1   0  -1   0
  -1  -1  -1  -1  -1  -1   0  -1   5  -1
  -1  -1  -1  -1  -1  -1  -1  -1 105   0
  -1  -1  -1  -1  -1  -1  -1  -1   5  -1
  -1  -1  -1 101   0  -1  -1   0 105   0
   0  -1  -1 101 103 103 103   3  -1  -1
  -1   0  -1 101  -1  -1 104 104 104 104
   0  -1   0   1  -1  -1 102 102 102 102
   0   0  -1  -1  -1   0  -1  -1  -1  -1
   0  -1  -1  -1  -1  -1  -1  -1  -1  -1

MISS
      Hits:  16
    Misses:  63
Duplicates:  86
Boats Sunk:   2
  -1  -1   0   0  -1   0  -1   0  -1   0
  -1  -1  -1  -1  -1  -1   0  -1   5  -1
  -1  -1  -1  -1  -1  -1  -1  -1 105   0
  -1  -1  -1  -1  -1  -1  -1  -1   5  -1
  -1  -1  -1 101   0  -1  -1   0 105   0
   0  -1  -1 101 103 103 103   3  -1  -1
  -1   0  -1 101  -1  -1 104 104 104 104
   0  -1  -1   1  -1  -1 102 102 102 102
   0   0  -1  -1  -1   0  -1  -1  -1  -1
   0  -1  -1  -1  -1  -1  -1  -1  -1  -1

SUNK
      Hits:  17
    Misses:  63
Duplicates:  87
Boats Sunk:   3
  -1  -1   0   0  -1   0  -1   0  -1   0
  -1  -1  -1  -1  -1  -1   0  -1   5  -1
  -1  -1  -1  -1  -1  -1  -1  -1 105   0
  -1  -1  -1  -1  -1  -1  -1  -1   5  -1
  -1  -1  -1 101   0  -1  -1   0 105   0
   0  -1  -1 101 103 103 103   3  -1  -1
  -1   0  -1 101  -1  -1 104 104 104 104
   0  -1  -1 101  -1  -1 102 102 102 102
   0   0  -1  -1  -1   0  -1  -1  -1  -1
   0  -1  -1  -1  -1  -1  -1  -1  -1  -1

MISS
      Hits:  17
    Misses:  64
Duplicates:  87
Boats Sunk:   3
  -1  -1   0   0  -1   0  -1   0  -1   0
  -1  -1  -1  -1  -1  -1   0  -1   5  -1
  -1  -1  -1  -1  -1  -1  -1  -1 105   0
  -1  -1  -1  -1  -1  -1  -1  -1   5  -1
  -1  -1  -1 101   0  -1  -1   0 105   0
   0  -1  -1 101 103 103 103   3  -1  -1
  -1   0  -1 101  -1  -1 104 104 104 104
   0  -1  -1 101  -1  -1 102 102 102 102
  -1   0  -1  -1  -1   0  -1  -1  -1  -1
   0  -1  -1  -1  -1  -1  -1  -1  -1  -1

MISS
      Hits:  17
    Misses:  65
Duplicates:  87
Boats Sunk:   3
  -1  -1   0   0  -1  -1  -1   0  -1   0
  -1  -1  -1  -1  -1  -1   0  -1   5  -1
  -1  -1  -1  -1  -1  -1  -1  -1 105   0
  -1  -1  -1  -1  -1  -1  -1  -1   5  -1
  -1  -1  -1 101   0  -1  -1   0 105   0
   0  -1  -1 101 103 103 103   3  -1  -1
  -1   0  -1 101  -1  -1 104 104 104 104
   0  -1  -1 101  -1  -1 102 102 102 102
  -1   0  -1  -1  -1   0  -1  -1  -1  -1
   0  -1  -1  -1  -1  -1  -1  -1  -1  -1

MISS
      Hits:  17
    Misses:  66
Duplicates:  87
Boats Sunk:   3
  -1  -1   0   0  -1  -1  -1   0  -1   0
  -1  -1  -1  -1  -1  -1   0  -1   5  -1
  -1  -1  -1  -1  -1  -1  -1  -1 105   0
  -1  -1  -1  -1  -1  -1  -1  -1   5  -1
  -1  -1  -1 101   0  -1  -1   0 105   0
   0  -1  -1 101 103 103 103   3  -1  -1
  -1   0  -1 101  -1  -1 104 104 104 104
   0  -1  -1 101  -1  -1 102 102 102 102
  -1  -1  -1  -1  -1   0  -1  -1  -1  -1
   0  -1  -1  -1  -1  -1  -1  -1  -1  -1

MISS
      Hits:  17
    Misses:  67
Duplicates:  87
Boats Sunk:   3
  -1  -1   0  -1  -1  -1  -1   0  -1   0
  -1  -1  -1  -1  -1  -1   0  -1   5  -1
  -1  -1  -1  -1  -1  -1  -1  -1 105   0
  -1  -1  -1  -1  -1  -1  -1  -1   5  -1
  -1  -1  -1 101   0  -1  -1   0 105   0
   0  -1  -1 101 103 103 103   3  -1  -1
  -1   0  -1 101  -1  -1 104 104 104 104
   0  -1  -1 101  -1  -1 102 102 102 102
  -1  -1  -1  -1  -1   0  -1  -1  -1  -1
   0  -1  -1  -1  -1  -1  -1  -1  -1  -1

MISS
      Hits:  17
    Misses:  68
Duplicates:  95
Boats Sunk:   3
  -1  -1  -1  -1  -1  -1  -1   0  -1   0
  -1  -1  -1  -1  -1  -1   0  -1   5  -1
  -1  -1  -1  -1  -1  -1  -1  -1 105   0
  -1  -1  -1  -1  -1  -1  -1  -1   5  -1
  -1  -1  -1 101   0  -1  -1   0 105   0
   0  -1  -1 101 103 103 103   3  -1  -1
  -1   0  -1 101  -1  -1 104 104 104 104
   0  -1  -1 101  -1  -1 102 102 102 102
  -1  -1  -1  -1  -1   0  -1  -1  -1  -1
   0  -1  -1  -1  -1  -1  -1  -1  -1  -1

MISS
      Hits:  17
    Misses:  69
Duplicates:  96
Boats Sunk:   3
  -1  -1  -1  -1  -1  -1  -1   0  -1   0
  -1  -1  -1  -1  -1  -1   0  -1   5  -1
  -1  -1  -1  -1  -1  -1  -1  -1 105   0
  -1  -1  -1  -1  -1  -1  -1  -1   5  -1
  -1  -1  -1 101  -1  -1  -1   0 105   0
   0  -1  -1 101 103 103 103   3  -1  -1
  -1   0  -1 101  -1  -1 104 104 104 104
   0  -1  -1 101  -1  -1 102 102 102 102
  -1  -1  -1  -1  -1   0  -1  -1  -1  -1
   0  -1  -1  -1  -1  -1  -1  -1  -1  -1

SUNK
      Hits:  18
    Misses:  69
Duplicates:  99
Boats Sunk:   4
  -1  -1  -1  -1  -1  -1  -1   0  -1   0
  -1  -1  -1  -1  -1  -1   0  -1   5  -1
  -1  -1  -1  -1  -1  -1  -1  -1 105   0
  -1  -1  -1  -1  -1  -1  -1  -1   5  -1
  -1  -1  -1 101  -1  -1  -1   0 105   0
   0  -1  -1 101 103 103 103 103  -1  -1
  -1   0  -1 101  -1  -1 104 104 104 104
   0  -1  -1 101  -1  -1 102 102 102 102
  -1  -1  -1  -1  -1   0  -1  -1  -1  -1
   0  -1  -1  -1  -1  -1  -1  -1  -1  -1

MISS
      Hits:  18
    Misses:  70
Duplicates: 107
Boats Sunk:   4
  -1  -1  -1  -1  -1  -1  -1   0  -1  -1
  -1  -1  -1  -1  -1  -1   0  -1   5  -1
  -1  -1  -1  -1  -1  -1  -1  -1 105   0
  -1  -1  -1  -1  -1  -1  -1  -1   5  -1
  -1  -1  -1 101  -1  -1  -1   0 105   0
   0  -1  -1 101 103 103 103 103  -1  -1
  -1   0  -1 101  -1  -1 104 104 104 104
   0  -1  -1 101  -1  -1 102 102 102 102
  -1  -1  -1  -1  -1   0  -1  -1  -1  -1
   0  -1  -1  -1  -1  -1  -1  -1  -1  -1

MISS
      Hits:  18
    Misses:  71
Duplicates: 110
Boats Sunk:   4
  -1  -1  -1  -1  -1  -1  -1   0  -1  -1
  -1  -1  -1  -1  -1  -1   0  -1   5  -1
  -1  -1  -1  -1  -1  -1  -1  -1 105   0
  -1  -1  -1  -1  -1  -1  -1  -1   5  -1
  -1  -1  -1 101  -1  -1  -1   0 105   0
   0  -1  -1 101 103 103 103 103  -1  -1
  -1   0  -1 101  -1  -1 104 104 104 104
   0  -1  -1 101  -1  -1 102 102 102 102
  -1  -1  -1  -1  -1  -1  -1  -1  -1  -1
   0  -1  -1  -1  -1  -1  -1  -1  -1  -1

MISS
      Hits:  18
    Misses:  72
Duplicates: 142
Boats Sunk:   4
  -1  -1  -1  -1  -1  -1  -1   0  -1  -1
  -1  -1  -1  -1  -1  -1   0  -1   5  -1
  -1  -1  -1  -1  -1  -1  -1  -1 105   0
  -1  -1  -1  -1  -1  -1  -1  -1   5  -1
  -1  -1  -1 101  -1  -1  -1  -1 105   0
   0  -1  -1 101 103 103 103 103  -1  -1
  -1   0  -1 101  -1  -1 104 104 104 104
   0  -1  -1 101  -1  -1 102 102 102 102
  -1  -1  -1  -1  -1  -1  -1  -1  -1  -1
   0  -1  -1  -1  -1  -1  -1  -1  -1  -1

MISS
      Hits:  18
    Misses:  73
Duplicates: 157
Boats Sunk:   4
  -1  -1  -1  -1  -1  -1  -1   0  -1  -1
  -1  -1  -1  -1  -1  -1   0  -1   5  -1
  -1  -1  -1  -1  -1  -1  -1  -1 105   0
  -1  -1  -1  -1  -1  -1  -1  -1   5  -1
  -1  -1  -1 101  -1  -1  -1  -1 105   0
  -1  -1  -1 101 103 103 103 103  -1  -1
  -1   0  -1 101  -1  -1 104 104 104 104
   0  -1  -1 101  -1  -1 102 102 102 102
  -1  -1  -1  -1  -1  -1  -1  -1  -1  -1
   0  -1  -1  -1  -1  -1  -1  -1  -1  -1

HIT
      Hits:  19
    Misses:  73
Duplicates: 171
Boats Sunk:   4
  -1  -1  -1  -1  -1  -1  -1   0  -1  -1
  -1  -1  -1  -1  -1  -1   0  -1   5  -1
  -1  -1  -1  -1  -1  -1  -1  -1 105   0
  -1  -1  -1  -1  -1  -1  -1  -1 105  -1
  -1  -1  -1 101  -1  -1  -1  -1 105   0
  -1  -1  -1 101 103 103 103 103  -1  -1
  -1   0  -1 101  -1  -1 104 104 104 104
   0  -1  -1 101  -1  -1 102 102 102 102
  -1  -1  -1  -1  -1  -1  -1  -1  -1  -1
   0  -1  -1  -1  -1  -1  -1  -1  -1  -1

MISS
      Hits:  19
    Misses:  74
Duplicates: 185
Boats Sunk:   4
  -1  -1  -1  -1  -1  -1  -1   0  -1  -1
  -1  -1  -1  -1  -1  -1   0  -1   5  -1
  -1  -1  -1  -1  -1  -1  -1  -1 105   0
  -1  -1  -1  -1  -1  -1  -1  -1 105  -1
  -1  -1  -1 101  -1  -1  -1  -1 105   0
  -1  -1  -1 101 103 103 103 103  -1  -1
  -1   0  -1 101  -1  -1 104 104 104 104
   0  -1  -1 101  -1  -1 102 102 102 102
  -1  -1  -1  -1  -1  -1  -1  -1  -1  -1
  -1  -1  -1  -1  -1  -1  -1  -1  -1  -1

MISS
      Hits:  19
    Misses:  75
Duplicates: 213
Boats Sunk:   4
  -1  -1  -1  -1  -1  -1  -1  -1  -1  -1
  -1  -1  -1  -1  -1  -1   0  -1   5  -1
  -1  -1  -1  -1  -1  -1  -1  -1 105   0
  -1  -1  -1  -1  -1  -1  -1  -1 105  -1
  -1  -1  -1 101  -1  -1  -1  -1 105   0
  -1  -1  -1 101 103 103 103 103  -1  -1
  -1   0  -1 101  -1  -1 104 104 104 104
   0  -1  -1 101  -1  -1 102 102 102 102
  -1  -1  -1  -1  -1  -1  -1  -1  -1  -1
  -1  -1  -1  -1  -1  -1  -1  -1  -1  -1

MISS
      Hits:  19
    Misses:  76
Duplicates: 227
Boats Sunk:   4
  -1  -1  -1  -1  -1  -1  -1  -1  -1  -1
  -1  -1  -1  -1  -1  -1  -1  -1   5  -1
  -1  -1  -1  -1  -1  -1  -1  -1 105   0
  -1  -1  -1  -1  -1  -1  -1  -1 105  -1
  -1  -1  -1 101  -1  -1  -1  -1 105   0
  -1  -1  -1 101 103 103 103 103  -1  -1
  -1   0  -1 101  -1  -1 104 104 104 104
   0  -1  -1 101  -1  -1 102 102 102 102
  -1  -1  -1  -1  -1  -1  -1  -1  -1  -1
  -1  -1  -1  -1  -1  -1  -1  -1  -1  -1

MISS
      Hits:  19
    Misses:  77
Duplicates: 268
Boats Sunk:   4
  -1  -1  -1  -1  -1  -1  -1  -1  -1  -1
  -1  -1  -1  -1  -1  -1  -1  -1   5  -1
  -1  -1  -1  -1  -1  -1  -1  -1 105   0
  -1  -1  -1  -1  -1  -1  -1  -1 105  -1
  -1  -1  -1 101  -1  -1  -1  -1 105  -1
  -1  -1  -1 101 103 103 103 103  -1  -1
  -1   0  -1 101  -1  -1 104 104 104 104
   0  -1  -1 101  -1  -1 102 102 102 102
  -1  -1  -1  -1  -1  -1  -1  -1  -1  -1
  -1  -1  -1  -1  -1  -1  -1  -1  -1  -1

MISS
      Hits:  19
    Misses:  78
Duplicates: 304
Boats Sunk:   4
  -1  -1  -1  -1  -1  -1  -1  -1  -1  -1
  -1  -1  -1  -1  -1  -1  -1  -1   5  -1
  -1  -1  -1  -1  -1  -1  -1  -1 105   0
  -1  -1  -1  -1  -1  -1  -1  -1 105  -1
  -1  -1  -1 101  -1  -1  -1  -1 105  -1
  -1  -1  -1 101 103 103 103 103  -1  -1
  -1  -1  -1 101  -1  -1 104 104 104 104
   0  -1  -1 101  -1  -1 102 102 102 102
  -1  -1  -1  -1  -1  -1  -1  -1  -1  -1
  -1  -1  -1  -1  -1  -1  -1  -1  -1  -1

MISS
      Hits:  19
    Misses:  79
Duplicates: 344
Boats Sunk:   4
  -1  -1  -1  -1  -1  -1  -1  -1  -1  -1
  -1  -1  -1  -1  -1  -1  -1  -1   5  -1
  -1  -1  -1  -1  -1  -1  -1  -1 105  -1
  -1  -1  -1  -1  -1  -1  -1  -1 105  -1
  -1  -1  -1 101  -1  -1  -1  -1 105  -1
  -1  -1  -1 101 103 103 103 103  -1  -1
  -1  -1  -1 101  -1  -1 104 104 104 104
   0  -1  -1 101  -1  -1 102 102 102 102
  -1  -1  -1  -1  -1  -1  -1  -1  -1  -1
  -1  -1  -1  -1  -1  -1  -1  -1  -1  -1

MISS
      Hits:  19
    Misses:  80
Duplicates: 363
Boats Sunk:   4
  -1  -1  -1  -1  -1  -1  -1  -1  -1  -1
  -1  -1  -1  -1  -1  -1  -1  -1   5  -1
  -1  -1  -1  -1  -1  -1  -1  -1 105  -1
  -1  -1  -1  -1  -1  -1  -1  -1 105  -1
  -1  -1  -1 101  -1  -1  -1  -1 105  -1
  -1  -1  -1 101 103 103 103 103  -1  -1
  -1  -1  -1 101  -1  -1 104 104 104 104
  -1  -1  -1 101  -1  -1 102 102 102 102
  -1  -1  -1  -1  -1  -1  -1  -1  -1  -1
  -1  -1  -1  -1  -1  -1  -1  -1  -1  -1

SUNK
      Hits:  20
    Misses:  80
Duplicates: 525
Boats Sunk:   5
  -1  -1  -1  -1  -1  -1  -1  -1  -1  -1
  -1  -1  -1  -1  -1  -1  -1  -1 105  -1
  -1  -1  -1  -1  -1  -1  -1  -1 105  -1
  -1  -1  -1  -1  -1  -1  -1  -1 105  -1
  -1  -1  -1 101  -1  -1  -1  -1 105  -1
  -1  -1  -1 101 103 103 103 103  -1  -1
  -1  -1  -1 101  -1  -1 104 104 104 104
  -1  -1  -1 101  -1  -1 102 102 102 102
  -1  -1  -1  -1  -1  -1  -1  -1  -1  -1
  -1  -1  -1  -1  -1  -1  -1  -1  -1  -1

Final board:
      Hits:  20
    Misses:  80
Duplicates: 525
Boats Sunk:   5
  -1  -1  -1  -1  -1  -1  -1  -1  -1  -1
  -1  -1  -1  -1  -1  -1  -1  -1 105  -1
  -1  -1  -1  -1  -1  -1  -1  -1 105  -1
  -1  -1  -1  -1  -1  -1  -1  -1 105  -1
  -1  -1  -1 101  -1  -1  -1  -1 105  -1
  -1  -1  -1 101 103 103 103 103  -1  -1
  -1  -1  -1 101  -1  -1 104 104 104 104
  -1  -1  -1 101  -1  -1 102 102 102 102
  -1  -1  -1  -1  -1  -1  -1  -1  -1  -1
  -1  -1  -1  -1  -1  -1  -1  -1  -1  -1

