40 00 00 00 00 00 00 00 A8 11 00 00 00 00 00 00  00 00 00 00 40 00 38 00 09 00 40 00 1E 00 1B 00
7F 45 4C 46 02 01 01 00 00 00 00 00 00 00 00 00  02 00 3E 00 01 00 00 00 40 04 40 00 00 00 00 00
06 00 00 00 05 00 00 00 40 00 00 00 00 00 00 00  40 00 40 00 00 00 00 00 40 00 40 00 00 00 00 00
F8 01 00 00 00 00 00 00 F8 01 00 00 00 00 00 00  08 00 00 00 00 00 00 00 03 00 00 00 04 00 00 00
38 02 00 00 00 00 00 00 38 02 40 00 00 00 00 00  38 02 40 00 00 00 00 00 1C 00 00 00 00 00 00 00
1C 00 00 00 00 00 00 00 01 00 00 00 00 00 00 00  01 00 00 00 05 00 00 00 00 00 00 00 00 00 00 00
00 00 40 00 00 00 00 00 00 00 40 00 00 00 00 00  44 07 00 00 00 00 00 00 44 07 00 00 00 00 00 00
00 00 20 00 00 00 00 00 01 00 00 00 06 00 00 00  10 0E 00 00 00 00 00 00 10 0E 60 00 00 00 00 00
10 0E 60 00 00 00 00 00 30 02 00 00 00 00 00 00  38 02 00 00 00 00 00 00 00 00 20 00 00 00 00 00
02 00 00 00 06 00 00 00 28 0E 00 00 00 00 00 00  28 0E 60 00 00 00 00 00 28 0E 60 00 00 00 00 00
D0 01 00 00 00 00 00 00 D0 01 00 00 00 00 00 00  08 00 00 00 00 00 00 00 04 00 00 00 04 00 00 00
54 02 00 00 00 00 00 00 54 02 40 00 00 00 00 00  54 02 40 00 00 00 00 00 44 00 00 00 00 00 00 00
44 00 00 00 00 00 00 00 04 00 00 00 00 00 00 00  50 E5 74 64 04 00 00 00 18 06 00 00 00 00 00 00
18 06 40 00 00 00 00 00 18 06 40 00 00 00 00 00  34 00 00 00 00 00 00 00 34 00 00 00 00 00 00 00
04 00 00 00 00 00 00 00 51 E5 74 64 06 00 00 00  00 00 00 00 00 00 00 00 00 00 00 00 00 00 00 00
00 00 00 00 00 00 00 00 00 00 00 00 00 00 00 00  00 00 00 00 00 00 00 00 10 00 00 00 00 00 00 00
52 E5 74 64 04 00 00 00 10 0E 00 00 00 00 00 00  10 0E 60 00 00 00 00 00 10 0E 60 00 00 00 00 00
F0 01 00 00 00 00 00 00 F0 01 00 00 00 00 00 00  01 00 00 00 00 00 00 00 2F 6C 69 62 36 34 2F 6C
64 2D 6C 69 6E 75 78 2D 78 38 36 2D 36 34 2E 73  6F 2E 32 00 04 00 00 00 10 00 00 00 01 00 00 00
47 4E 55 00 00 00 00 00 02 00 00 00 06 00 00 00  18 00 00 00 04 00 00 00 14 00 00 00 03 00 00 00
47 4E 55 00 A9 45 DF 34 E1 AD 16 3E AD 47 C7 34  0E 18 D2 73 8A 2D 64 D5 01 00 00 00 01 00 00 00
01 00 00 00 00 00 00 00 00 00 00 00 00 00 00 00  00 00 00 00 00 00 00 00 00 00 00 00 00 00 00 00
00 00 00 00 00 00 00 00 00 00 00 00 00 00 00 00  0B 00 00 00 12 00 00 00 00 00 00 00 00 00 00 00
00 00 00 00 00 00 00 00 12 00 00 00 12 00 00 00  00 00 00 00 00 00 00 00 00 00 00 00 00 00 00 00
24 00 00 00 20 00 00 00 00 00 00 00 00 00 00 00  00 00 00 00 00 00 00 00 00 6C 69 62 63 2E 73 6F
2E 36 00 70 72 69 6E 74 66 00 5F 5F 6C 69 62 63  5F 73 74 61 72 74 5F 6D 61 69 6E 00 5F 5F 67 6D
6F 6E 5F 73 74 61 72 74 5F 5F 00 47 4C 49 42 43  5F 32 2E 32 2E 35 00 00 00 00 02 00 02 00 00 00
01 00 01 00 01 00 00 00 10 00 00 00 00 00 00 00  75 1A 69 09 00 00 02 00 33 00 00 00 00 00 00 00
F8 0F 60 00 00 00 00 00 06 00 00 00 03 00 00 00  00 00 00 00 00 00 00 00 18 10 60 00 00 00 00 00
07 00 00 00 01 00 00 00 00 00 00 00 00 00 00 00  20 10 60 00 00 00 00 00 07 00 00 00 02 00 00 00
00 00 00 00 00 00 00 00 28 10 60 00 00 00 00 00  07 00 00 00 03 00 00 00 00 00 00 00 00 00 00 00
48 83 EC 08 48 8B 05 0D 0C 20 00 48 85 C0 74 05  E8 3B 00 00 00 48 83 C4 08 C3 00 00 00 00 00 00
FF 35 02 0C 20 00 FF 25 04 0C 20 00 0F 1F 40 00  FF 25 02 0C 20 00 68 00 00 00 00 E9 E0 FF FF FF
FF 25 FA 0B 20 00 68 01 00 00 00 E9 D0 FF FF FF  FF 25 F2 0B 20 00 68 02 00 00 00 E9 C0 FF FF FF
31 ED 49 89 D1 5E 48 89 E2 48 83 E4 F0 50 54 49  C7 C0 00 06 40 00 48 C7 C1 90 05 40 00 48 C7 C7
36 05 40 00 E8 B7 FF FF FF F4 66 0F 1F 44 00 00  B8 47 10 60 00 55 48 2D 40 10 60 00 48 83 F8 0E
48 89 E5 76 1B B8 00 00 00 00 48 85 C0 74 11 5D  BF 40 10 60 00 FF E0 66 0F 1F 84 00 00 00 00 00
5D C3 66 66 66 66 66 2E 0F 1F 84 00 00 00 00 00  BE 40 10 60 00 55 48 81 EE 40 10 60 00 48 C1 FE
03 48 89 E5 48 89 F0 48 C1 E8 3F 48 01 C6 48 D1  FE 74 15 B8 00 00 00 00 48 85 C0 74 0B 5D BF 40
10 60 00 FF E0 0F 1F 00 5D C3 66 0F 1F 44 00 00  80 3D 49 0B 20 00 00 75 11 55 48 89 E5 E8 6E FF
FF FF 5D C6 05 36 0B 20 00 01 F3 C3 0F 1F 40 00  BF 20 0E 60 00 48 83 3F 00 75 05 EB 93 0F 1F 00
B8 00 00 00 00 48 85 C0 74 F1 55 48 89 E5 FF D0  5D E9 7A FF FF FF 55 48 89 E5 48 83 EC 20 C7 45
EC 01 00 00 00 C7 45 F0 02 00 00 00 C7 45 F4 03  00 00 00 C7 45 F8 04 00 00 00 8B 45 EC 0F AF 45
F0 8B 4D F4 8B 55 F8 01 CA 0F AF C2 89 45 FC 8B  45 FC 89 C6 BF 14 06 40 00 B8 00 00 00 00 E8 8D
FE FF FF B8 00 00 00 00 C9 C3 66 0F 1F 44 00 00  41 57 41 89 FF 41 56 49 89 F6 41 55 49 89 D5 41
54 4C 8D 25 68 08 20 00 55 48 8D 2D 68 08 20 00  53 4C 29 E5 31 DB 48 C1 FD 03 48 83 EC 08 E8 1D
FE FF FF 48 85 ED 74 1E 0F 1F 84 00 00 00 00 00  4C 89 EA 4C 89 F6 44 89 FF 41 FF 14 DC 48 83 C3
01 48 39 EB 75 EA 48 83 C4 08 5B 5D 41 5C 41 5D  41 5E 41 5F C3 66 66 2E 0F 1F 84 00 00 00 00 00
F3 C3 00 00 48 83 EC 08 48 83 C4 08 C3 00 00 00  01 00 02 00 25 69 0A 00 01 1B 03 3B 34 00 00 00
05 00 00 00 E8 FD FF FF 80 00 00 00 28 FE FF FF  50 00 00 00 1E FF FF FF A8 00 00 00 78 FF FF FF
C8 00 00 00 E8 FF FF FF 10 01 00 00 00 00 00 00  14 00 00 00 00 00 00 00 01 7A 52 00 01 78 10 01
1B 0C 07 08 90 01 07 10 14 00 00 00 1C 00 00 00  D0 FD FF FF 2A 00 00 00 00 00 00 00 00 00 00 00
14 00 00 00 00 00 00 00 01 7A 52 00 01 78 10 01  1B 0C 07 08 90 01 00 00 24 00 00 00 1C 00 00 00
60 FD FF FF 40 00 00 00 00 0E 10 46 0E 18 4A 0F  0B 77 08 80 00 3F 1A 3B 2A 33 24 22 00 00 00 00
1C 00 00 00 44 00 00 00 6E FE FF FF 54 00 00 00  00 41 0E 10 86 02 43 0D 06 02 4F 0C 07 08 00 00
44 00 00 00 64 00 00 00 A8 FE FF FF 65 00 00 00  00 42 0E 10 8F 02 45 0E 18 8E 03 45 0E 20 8D 04
45 0E 28 8C 05 48 0E 30 86 06 48 0E 38 83 07 4D  0E 40 6C 0E 38 41 0E 30 41 0E 28 42 0E 20 42 0E
18 42 0E 10 42 0E 08 00 14 00 00 00 AC 00 00 00  D0 FE FF FF 02 00 00 00 00 00 00 00 00 00 00 00
00 00 00 00 00 00 00 00 00 00 00 00 00 00 00 00  00 00 00 00 00 00 00 00 00 00 00 00 00 00 00 00
00 00 00 00 00 00 00 00 00 00 00 00 00 00 00 00  00 00 00 00 00 00 00 00 00 00 00 00 00 00 00 00
00 00 00 00 00 00 00 00 00 00 00 00 00 00 00 00  00 00 00 00 00 00 00 00 00 00 00 00 00 00 00 00
00 00 00 00 00 00 00 00 00 00 00 00 00 00 00 00  00 00 00 00 00 00 00 00 00 00 00 00 00 00 00 00
00 00 00 00 00 00 00 00 00 00 00 00 00 00 00 00  00 00 00 00 00 00 00 00 00 00 00 00 00 00 00 00
00 00 00 00 00 00 00 00 00 00 00 00 00 00 00 00  00 00 00 00 00 00 00 00 00 00 00 00 00 00 00 00
00 00 00 00 00 00 00 00 00 00 00 00 00 00 00 00  00 00 00 00 00 00 00 00 00 00 00 00 00 00 00 00
00 00 00 00 00 00 00 00 00 00 00 00 00 00 00 00  00 00 00 00 00 00 00 00 00 00 00 00 00 00 00 00
00 00 00 00 00 00 00 00 00 00 00 00 00 00 00 00  00 00 00 00 00 00 00 00 00 00 00 00 00 00 00 00
00 00 00 00 00 00 00 00 00 00 00 00 00 00 00 00  00 00 00 00 00 00 00 00 00 00 00 00 00 00 00 00
00 00 00 00 00 00 00 00 00 00 00 00 00 00 00 00  00 00 00 00 00 00 00 00 00 00 00 00 00 00 00 00
00 00 00 00 00 00 00 00 00 00 00 00 00 00 00 00  00 00 00 00 00 00 00 00 00 00 00 00 00 00 00 00
00 00 00 00 00 00 00 00 00 00 00 00 00 00 00 00  00 00 00 00 00 00 00 00 00 00 00 00 00 00 00 00
00 00 00 00 00 00 00 00 00 00 00 00 00 00 00 00  00 00 00 00 00 00 00 00 00 00 00 00 00 00 00 00
00 00 00 00 00 00 00 00 00 00 00 00 00 00 00 00  00 00 00 00 00 00 00 00 00 00 00 00 00 00 00 00
00 00 00 00 00 00 00 00 00 00 00 00 00 00 00 00  00 00 00 00 00 00 00 00 00 00 00 00 00 00 00 00
00 00 00 00 00 00 00 00 00 00 00 00 00 00 00 00  00 00 00 00 00 00 00 00 00 00 00 00 00 00 00 00
00 00 00 00 00 00 00 00 00 00 00 00 00 00 00 00  00 00 00 00 00 00 00 00 00 00 00 00 00 00 00 00
00 00 00 00 00 00 00 00 00 00 00 00 00 00 00 00  00 00 00 00 00 00 00 00 00 00 00 00 00 00 00 00
00 00 00 00 00 00 00 00 00 00 00 00 00 00 00 00  00 00 00 00 00 00 00 00 00 00 00 00 00 00 00 00
00 00 00 00 00 00 00 00 00 00 00 00 00 00 00 00  00 00 00 00 00 00 00 00 00 00 00 00 00 00 00 00
00 00 00 00 00 00 00 00 00 00 00 00 00 00 00 00  00 00 00 00 00 00 00 00 00 00 00 00 00 00 00 00
00 00 00 00 00 00 00 00 00 00 00 00 00 00 00 00  00 00 00 00 00 00 00 00 00 00 00 00 00 00 00 00
00 00 00 00 00 00 00 00 00 00 00 00 00 00 00 00  00 00 00 00 00 00 00 00 00 00 00 00 00 00 00 00
00 00 00 00 00 00 00 00 00 00 00 00 00 00 00 00  00 00 00 00 00 00 00 00 00 00 00 00 00 00 00 00
00 00 00 00 00 00 00 00 00 00 00 00 00 00 00 00  00 00 00 00 00 00 00 00 00 00 00 00 00 00 00 00
00 00 00 00 00 00 00 00 00 00 00 00 00 00 00 00  00 00 00 00 00 00 00 00 00 00 00 00 00 00 00 00
00 00 00 00 00 00 00 00 00 00 00 00 00 00 00 00  00 00 00 00 00 00 00 00 00 00 00 00 00 00 00 00
00 00 00 00 00 00 00 00 00 00 00 00 00 00 00 00  00 00 00 00 00 00 00 00 00 00 00 00 00 00 00 00
00 00 00 00 00 00 00 00 00 00 00 00 00 00 00 00  00 00 00 00 00 00 00 00 00 00 00 00 00 00 00 00
00 00 00 00 00 00 00 00 00 00 00 00 00 00 00 00  00 00 00 00 00 00 00 00 00 00 00 00 00 00 00 00
00 00 00 00 00 00 00 00 00 00 00 00 00 00 00 00  00 00 00 00 00 00 00 00 00 00 00 00 00 00 00 00
00 00 00 00 00 00 00 00 00 00 00 00 00 00 00 00  00 00 00 00 00 00 00 00 00 00 00 00 00 00 00 00
00 00 00 00 00 00 00 00 00 00 00 00 00 00 00 00  00 00 00 00 00 00 00 00 00 00 00 00 00 00 00 00
00 00 00 00 00 00 00 00 00 00 00 00 00 00 00 00  00 00 00 00 00 00 00 00 00 00 00 00 00 00 00 00
00 00 00 00 00 00 00 00 00 00 00 00 00 00 00 00  00 00 00 00 00 00 00 00 00 00 00 00 00 00 00 00
00 00 00 00 00 00 00 00 00 00 00 00 00 00 00 00  00 00 00 00 00 00 00 00 00 00 00 00 00 00 00 00
00 00 00 00 00 00 00 00 00 00 00 00 00 00 00 00  00 00 00 00 00 00 00 00 00 00 00 00 00 00 00 00
00 00 00 00 00 00 00 00 00 00 00 00 00 00 00 00  00 00 00 00 00 00 00 00 00 00 00 00 00 00 00 00
00 00 00 00 00 00 00 00 00 00 00 00 00 00 00 00  00 00 00 00 00 00 00 00 00 00 00 00 00 00 00 00
00 00 00 00 00 00 00 00 00 00 00 00 00 00 00 00  00 00 00 00 00 00 00 00 00 00 00 00 00 00 00 00
00 00 00 00 00 00 00 00 00 00 00 00 00 00 00 00  00 00 00 00 00 00 00 00 00 00 00 00 00 00 00 00
00 00 00 00 00 00 00 00 00 00 00 00 00 00 00 00  00 00 00 00 00 00 00 00 00 00 00 00 00 00 00 00
00 00 00 00 00 00 00 00 00 00 00 00 00 00 00 00  00 00 00 00 00 00 00 00 00 00 00 00 00 00 00 00
00 00 00 00 00 00 00 00 00 00 00 00 00 00 00 00  00 00 00 00 00 00 00 00 00 00 00 00 00 00 00 00
00 00 00 00 00 00 00 00 00 00 00 00 00 00 00 00  00 00 00 00 00 00 00 00 00 00 00 00 00 00 00 00
00 00 00 00 00 00 00 00 00 00 00 00 00 00 00 00  00 00 00 00 00 00 00 00 00 00 00 00 00 00 00 00
00 00 00 00 00 00 00 00 00 00 00 00 00 00 00 00  00 00 00 00 00 00 00 00 00 00 00 00 00 00 00 00
00 00 00 00 00 00 00 00 00 00 00 00 00 00 00 00  00 00 00 00 00 00 00 00 00 00 00 00 00 00 00 00
00 00 00 00 00 00 00 00 00 00 00 00 00 00 00 00  00 00 00 00 00 00 00 00 00 00 00 00 00 00 00 00
00 00 00 00 00 00 00 00 00 00 00 00 00 00 00 00  00 00 00 00 00 00 00 00 00 00 00 00 00 00 00 00
00 00 00 00 00 00 00 00 00 00 00 00 00 00 00 00  00 00 00 00 00 00 00 00 00 00 00 00 00 00 00 00
00 00 00 00 00 00 00 00 00 00 00 00 00 00 00 00  00 00 00 00 00 00 00 00 00 00 00 00 00 00 00 00
00 00 00 00 00 00 00 00 00 00 00 00 00 00 00 00  00 00 00 00 00 00 00 00 00 00 00 00 00 00 00 00
00 00 00 00 00 00 00 00 00 00 00 00 00 00 00 00  10 05 40 00 00 00 00 00 F0 04 40 00 00 00 00 00
00 00 00 00 00 00 00 00 01 00 00 00 00 00 00 00  01 00 00 00 00 00 00 00 0C 00 00 00 00 00 00 00
E0 03 40 00 00 00 00 00 0D 00 00 00 00 00 00 00  04 06 40 00 00 00 00 00 19 00 00 00 00 00 00 00
10 0E 60 00 00 00 00 00 1B 00 00 00 00 00 00 00  08 00 00 00 00 00 00 00 1A 00 00 00 00 00 00 00
18 0E 60 00 00 00 00 00 1C 00 00 00 00 00 00 00  08 00 00 00 00 00 00 00 F5 FE FF 6F 00 00 00 00
98 02 40 00 00 00 00 00 05 00 00 00 00 00 00 00  18 03 40 00 00 00 00 00 06 00 00 00 00 00 00 00
B8 02 40 00 00 00 00 00 0A 00 00 00 00 00 00 00  3F 00 00 00 00 00 00 00 0B 00 00 00 00 00 00 00
18 00 00 00 00 00 00 00 15 00 00 00 00 00 00 00  00 00 00 00 00 00 00 00 03 00 00 00 00 00 00 00
00 10 60 00 00 00 00 00 02 00 00 00 00 00 00 00  48 00 00 00 00 00 00 00 14 00 00 00 00 00 00 00
07 00 00 00 00 00 00 00 17 00 00 00 00 00 00 00  98 03 40 00 00 00 00 00 07 00 00 00 00 00 00 00
80 03 40 00 00 00 00 00 08 00 00 00 00 00 00 00  18 00 00 00 00 00 00 00 09 00 00 00 00 00 00 00
18 00 00 00 00 00 00 00 FE FF FF 6F 00 00 00 00  60 03 40 00 00 00 00 00 FF FF FF 6F 00 00 00 00
01 00 00 00 00 00 00 00 F0 FF FF 6F 00 00 00 00  58 03 40 00 00 00 00 00 00 00 00 00 00 00 00 00
00 00 00 00 00 00 00 00 00 00 00 00 00 00 00 00  00 00 00 00 00 00 00 00 00 00 00 00 00 00 00 00
00 00 00 00 00 00 00 00 00 00 00 00 00 00 00 00  00 00 00 00 00 00 00 00 00 00 00 00 00 00 00 00
00 00 00 00 00 00 00 00 00 00 00 00 00 00 00 00  00 00 00 00 00 00 00 00 00 00 00 00 00 00 00 00
28 0E 60 00 00 00 00 00 00 00 00 00 00 00 00 00  00 00 00 00 00 00 00 00 16 04 40 00 00 00 00 00
26 04 40 00 00 00 00 00 36 04 40 00 00 00 00 00  00 00 00 00 00 00 00 00 00 00 00 00 00 00 00 00
47 43 43 3A 20 28 55 62 75 6E 74 75 20 35 2E 33  2E 30 2D 33 75 62 75 6E 74 75 31 7E 31 34 2E 30
34 29 20 35 2E 33 2E 30 20 32 30 31 35 31 32 30  34 00 47 43 43 3A 20 28 55 62 75 6E 74 75 20 34
2E 38 2E 34 2D 32 75 62 75 6E 74 75 31 7E 31 34  2E 30 34 2E 33 29 20 34 2E 38 2E 34 00 00 2E 73
79 6D 74 61 62 00 2E 73 74 72 74 61 62 00 2E 73  68 73 74 72 74 61 62 00 2E 69 6E 74 65 72 70 00
2E 6E 6F 74 65 2E 41 42 49 2D 74 61 67 00 2E 6E  6F 74 65 2E 67 6E 75 2E 62 75 69 6C 64 2D 69 64
00 2E 67 6E 75 2E 68 61 73 68 00 2E 64 79 6E 73  79 6D 00 2E 64 79 6E 73 74 72 00 2E 67 6E 75 2E
76 65 72 73 69 6F 6E 00 2E 67 6E 75 2E 76 65 72  73 69 6F 6E 5F 72 00 2E 72 65 6C 61 2E 64 79 6E
00 2E 72 65 6C 61 2E 70 6C 74 00 2E 69 6E 69 74  00 2E 74 65 78 74 00 2E 66 69 6E 69 00 2E 72 6F
64 61 74 61 00 2E 65 68 5F 66 72 61 6D 65 5F 68  64 72 00 2E 65 68 5F 66 72 61 6D 65 00 2E 69 6E
69 74 5F 61 72 72 61 79 00 2E 66 69 6E 69 5F 61  72 72 61 79 00 2E 6A 63 72 00 2E 64 79 6E 61 6D
69 63 00 2E 67 6F 74 00 2E 67 6F 74 2E 70 6C 74  00 2E 64 61 74 61 00 2E 62 73 73 00 2E 63 6F 6D
6D 65 6E 74 00 00 00 00 00 00 00 00 00 00 00 00  00 00 00 00 00 00 00 00 00 00 00 00 00 00 00 00
00 00 00 00 00 00 00 00 00 00 00 00 00 00 00 00  00 00 00 00 00 00 00 00 00 00 00 00 00 00 00 00
00 00 00 00 00 00 00 00 1B 00 00 00 01 00 00 00  02 00 00 00 00 00 00 00 38 02 40 00 00 00 00 00
38 02 00 00 00 00 00 00 1C 00 00 00 00 00 00 00  00 00 00 00 00 00 00 00 01 00 00 00 00 00 00 00
00 00 00 00 00 00 00 00 23 00 00 00 07 00 00 00  02 00 00 00 00 00 00 00 54 02 40 00 00 00 00 00
54 02 00 00 00 00 00 00 20 00 00 00 00 00 00 00  00 00 00 00 00 00 00 00 04 00 00 00 00 00 00 00
00 00 00 00 00 00 00 00 31 00 00 00 07 00 00 00  02 00 00 00 00 00 00 00 74 02 40 00 00 00 00 00
74 02 00 00 00 00 00 00 24 00 00 00 00 00 00 00  00 00 00 00 00 00 00 00 04 00 00 00 00 00 00 00
00 00 00 00 00 00 00 00 44 00 00 00 F6 FF FF 6F  02 00 00 00 00 00 00 00 98 02 40 00 00 00 00 00
98 02 00 00 00 00 00 00 1C 00 00 00 00 00 00 00  05 00 00 00 00 00 00 00 08 00 00 00 00 00 00 00
00 00 00 00 00 00 00 00 4E 00 00 00 0B 00 00 00  02 00 00 00 00 00 00 00 B8 02 40 00 00 00 00 00
B8 02 00 00 00 00 00 00 60 00 00 00 00 00 00 00  06 00 00 00 01 00 00 00 08 00 00 00 00 00 00 00
18 00 00 00 00 00 00 00 56 00 00 00 03 00 00 00  02 00 00 00 00 00 00 00 18 03 40 00 00 00 00 00
18 03 00 00 00 00 00 00 3F 00 00 00 00 00 00 00  00 00 00 00 00 00 00 00 01 00 00 00 00 00 00 00
00 00 00 00 00 00 00 00 5E 00 00 00 FF FF FF 6F  02 00 00 00 00 00 00 00 58 03 40 00 00 00 00 00
58 03 00 00 00 00 00 00 08 00 00 00 00 00 00 00  05 00 00 00 00 00 00 00 02 00 00 00 00 00 00 00
02 00 00 00 00 00 00 00 6B 00 00 00 FE FF FF 6F  02 00 00 00 00 00 00 00 60 03 40 00 00 00 00 00
60 03 00 00 00 00 00 00 20 00 00 00 00 00 00 00  06 00 00 00 01 00 00 00 08 00 00 00 00 00 00 00
00 00 00 00 00 00 00 00 7A 00 00 00 04 00 00 00  02 00 00 00 00 00 00 00 80 03 40 00 00 00 00 00
80 03 00 00 00 00 00 00 18 00 00 00 00 00 00 00  05 00 00 00 00 00 00 00 08 00 00 00 00 00 00 00
18 00 00 00 00 00 00 00 84 00 00 00 04 00 00 00  02 00 00 00 00 00 00 00 98 03 40 00 00 00 00 00
98 03 00 00 00 00 00 00 48 00 00 00 00 00 00 00  05 00 00 00 0C 00 00 00 08 00 00 00 00 00 00 00
18 00 00 00 00 00 00 00 8E 00 00 00 01 00 00 00  06 00 00 00 00 00 00 00 E0 03 40 00 00 00 00 00
E0 03 00 00 00 00 00 00 1A 00 00 00 00 00 00 00  00 00 00 00 00 00 00 00 04 00 00 00 00 00 00 00
00 00 00 00 00 00 00 00 89 00 00 00 01 00 00 00  06 00 00 00 00 00 00 00 00 04 40 00 00 00 00 00
00 04 00 00 00 00 00 00 40 00 00 00 00 00 00 00  00 00 00 00 00 00 00 00 10 00 00 00 00 00 00 00
10 00 00 00 00 00 00 00 94 00 00 00 01 00 00 00  06 00 00 00 00 00 00 00 40 04 40 00 00 00 00 00
40 04 00 00 00 00 00 00 C2 01 00 00 00 00 00 00  00 00 00 00 00 00 00 00 10 00 00 00 00 00 00 00
00 00 00 00 00 00 00 00 9A 00 00 00 01 00 00 00  06 00 00 00 00 00 00 00 04 06 40 00 00 00 00 00
04 06 00 00 00 00 00 00 09 00 00 00 00 00 00 00  00 00 00 00 00 00 00 00 04 00 00 00 00 00 00 00
00 00 00 00 00 00 00 00 A0 00 00 00 01 00 00 00  02 00 00 00 00 00 00 00 10 06 40 00 00 00 00 00
10 06 00 00 00 00 00 00 08 00 00 00 00 00 00 00  00 00 00 00 00 00 00 00 04 00 00 00 00 00 00 00
00 00 00 00 00 00 00 00 A8 00 00 00 01 00 00 00  02 00 00 00 00 00 00 00 18 06 40 00 00 00 00 00
18 06 00 00 00 00 00 00 34 00 00 00 00 00 00 00  00 00 00 00 00 00 00 00 04 00 00 00 00 00 00 00
00 00 00 00 00 00 00 00 B6 00 00 00 01 00 00 00  02 00 00 00 00 00 00 00 50 06 40 00 00 00 00 00
50 06 00 00 00 00 00 00 F4 00 00 00 00 00 00 00  00 00 00 00 00 00 00 00 08 00 00 00 00 00 00 00
00 00 00 00 00 00 00 00 C0 00 00 00 0E 00 00 00  03 00 00 00 00 00 00 00 10 0E 60 00 00 00 00 00
10 0E 00 00 00 00 00 00 08 00 00 00 00 00 00 00  00 00 00 00 00 00 00 00 08 00 00 00 00 00 00 00
00 00 00 00 00 00 00 00 CC 00 00 00 0F 00 00 00  03 00 00 00 00 00 00 00 18 0E 60 00 00 00 00 00
18 0E 00 00 00 00 00 00 08 00 00 00 00 00 00 00  00 00 00 00 00 00 00 00 08 00 00 00 00 00 00 00
00 00 00 00 00 00 00 00 D8 00 00 00 01 00 00 00  03 00 00 00 00 00 00 00 20 0E 60 00 00 00 00 00
20 0E 00 00 00 00 00 00 08 00 00 00 00 00 00 00  00 00 00 00 00 00 00 00 08 00 00 00 00 00 00 00
00 00 00 00 00 00 00 00 DD 00 00 00 06 00 00 00  03 00 00 00 00 00 00 00 28 0E 60 00 00 00 00 00
28 0E 00 00 00 00 00 00 D0 01 00 00 00 00 00 00  06 00 00 00 00 00 00 00 08 00 00 00 00 00 00 00
10 00 00 00 00 00 00 00 E6 00 00 00 01 00 00 00  03 00 00 00 00 00 00 00 F8 0F 60 00 00 00 00 00
F8 0F 00 00 00 00 00 00 08 00 00 00 00 00 00 00  00 00 00 00 00 00 00 00 08 00 00 00 00 00 00 00
08 00 00 00 00 00 00 00 EB 00 00 00 01 00 00 00  03 00 00 00 00 00 00 00 00 10 60 00 00 00 00 00
00 10 00 00 00 00 00 00 30 00 00 00 00 00 00 00  00 00 00 00 00 00 00 00 08 00 00 00 00 00 00 00
08 00 00 00 00 00 00 00 F4 00 00 00 01 00 00 00  03 00 00 00 00 00 00 00 30 10 60 00 00 00 00 00
30 10 00 00 00 00 00 00 10 00 00 00 00 00 00 00  00 00 00 00 00 00 00 00 08 00 00 00 00 00 00 00
00 00 00 00 00 00 00 00 FA 00 00 00 08 00 00 00  03 00 00 00 00 00 00 00 40 10 60 00 00 00 00 00
40 10 00 00 00 00 00 00 08 00 00 00 00 00 00 00  00 00 00 00 00 00 00 00 01 00 00 00 00 00 00 00
00 00 00 00 00 00 00 00 FF 00 00 00 01 00 00 00  30 00 00 00 00 00 00 00 00 00 00 00 00 00 00 00
40 10 00 00 00 00 00 00 5D 00 00 00 00 00 00 00  00 00 00 00 00 00 00 00 01 00 00 00 00 00 00 00
01 00 00 00 00 00 00 00 11 00 00 00 03 00 00 00  00 00 00 00 00 00 00 00 00 00 00 00 00 00 00 00
9D 10 00 00 00 00 00 00 08 01 00 00 00 00 00 00  00 00 00 00 00 00 00 00 01 00 00 00 00 00 00 00
00 00 00 00 00 00 00 00 01 00 00 00 02 00 00 00  00 00 00 00 00 00 00 00 00 00 00 00 00 00 00 00
28 19 00 00 00 00 00 00 18 06 00 00 00 00 00 00  1D 00 00 00 2D 00 00 00 08 00 00 00 00 00 00 00
18 00 00 00 00 00 00 00 09 00 00 00 03 00 00 00  00 00 00 00 00 00 00 00 00 00 00 00 00 00 00 00
40 1F 00 00 00 00 00 00 3A 02 00 00 00 00 00 00  00 00 00 00 00 00 00 00 01 00 00 00 00 00 00 00
00 00 00 00 00 00 00 00 00 00 00 00 00 00 00 00  00 00 00 00 00 00 00 00 00 00 00 00 00 00 00 00
00 00 00 00 03 00 01 00 38 02 40 00 00 00 00 00  00 00 00 00 00 00 00 00 00 00 00 00 03 00 02 00
54 02 40 00 00 00 00 00 00 00 00 00 00 00 00 00  00 00 00 00 03 00 03 00 74 02 40 00 00 00 00 00
00 00 00 00 00 00 00 00 00 00 00 00 03 00 04 00  98 02 40 00 00 00 00 00 00 00 00 00 00 00 00 00
00 00 00 00 03 00 05 00 B8 02 40 00 00 00 00 00  00 00 00 00 00 00 00 00 00 00 00 00 03 00 06 00
18 03 40 00 00 00 00 00 00 00 00 00 00 00 00 00  00 00 00 00 03 00 07 00 58 03 40 00 00 00 00 00
00 00 00 00 00 00 00 00 00 00 00 00 03 00 08 00  60 03 40 00 00 00 00 00 00 00 00 00 00 00 00 00
00 00 00 00 03 00 09 00 80 03 40 00 00 00 00 00  00 00 00 00 00 00 00 00 00 00 00 00 03 00 0A 00
98 03 40 00 00 00 00 00 00 00 00 00 00 00 00 00  00 00 00 00 03 00 0B 00 E0 03 40 00 00 00 00 00
00 00 00 00 00 00 00 00 00 00 00 00 03 00 0C 00  00 04 40 00 00 00 00 00 00 00 00 00 00 00 00 00
00 00 00 00 03 00 0D 00 40 04 40 00 00 00 00 00  00 00 00 00 00 00 00 00 00 00 00 00 03 00 0E 00
04 06 40 00 00 00 00 00 00 00 00 00 00 00 00 00  00 00 00 00 03 00 0F 00 10 06 40 00 00 00 00 00
00 00 00 00 00 00 00 00 00 00 00 00 03 00 10 00  18 06 40 00 00 00 00 00 00 00 00 00 00 00 00 00
00 00 00 00 03 00 11 00 50 06 40 00 00 00 00 00  00 00 00 00 00 00 00 00 00 00 00 00 03 00 12 00
10 0E 60 00 00 00 00 00 00 00 00 00 00 00 00 00  00 00 00 00 03 00 13 00 18 0E 60 00 00 00 00 00
00 00 00 00 00 00 00 00 00 00 00 00 03 00 14 00  20 0E 60 00 00 00 00 00 00 00 00 00 00 00 00 00
00 00 00 00 03 00 15 00 28 0E 60 00 00 00 00 00  00 00 00 00 00 00 00 00 00 00 00 00 03 00 16 00
F8 0F 60 00 00 00 00 00 00 00 00 00 00 00 00 00  00 00 00 00 03 00 17 00 00 10 60 00 00 00 00 00
00 00 00 00 00 00 00 00 00 00 00 00 03 00 18 00  30 10 60 00 00 00 00 00 00 00 00 00 00 00 00 00
00 00 00 00 03 00 19 00 40 10 60 00 00 00 00 00  00 00 00 00 00 00 00 00 00 00 00 00 03 00 1A 00
00 00 00 00 00 00 00 00 00 00 00 00 00 00 00 00  01 00 00 00 04 00 F1 FF 00 00 00 00 00 00 00 00
00 00 00 00 00 00 00 00 0C 00 00 00 01 00 14 00  20 0E 60 00 00 00 00 00 00 00 00 00 00 00 00 00
19 00 00 00 02 00 0D 00 70 04 40 00 00 00 00 00  00 00 00 00 00 00 00 00 2E 00 00 00 02 00 0D 00
B0 04 40 00 00 00 00 00 00 00 00 00 00 00 00 00  41 00 00 00 02 00 0D 00 F0 04 40 00 00 00 00 00
00 00 00 00 00 00 00 00 57 00 00 00 01 00 19 00  40 10 60 00 00 00 00 00 01 00 00 00 00 00 00 00
66 00 00 00 01 00 13 00 18 0E 60 00 00 00 00 00  00 00 00 00 00 00 00 00 8D 00 00 00 02 00 0D 00
10 05 40 00 00 00 00 00 00 00 00 00 00 00 00 00  99 00 00 00 01 00 12 00 10 0E 60 00 00 00 00 00
00 00 00 00 00 00 00 00 B8 00 00 00 04 00 F1 FF  00 00 00 00 00 00 00 00 00 00 00 00 00 00 00 00
01 00 00 00 04 00 F1 FF 00 00 00 00 00 00 00 00  00 00 00 00 00 00 00 00 C1 00 00 00 01 00 11 00
40 07 40 00 00 00 00 00 00 00 00 00 00 00 00 00  CF 00 00 00 01 00 14 00 20 0E 60 00 00 00 00 00
00 00 00 00 00 00 00 00 00 00 00 00 04 00 F1 FF  00 00 00 00 00 00 00 00 00 00 00 00 00 00 00 00
DB 00 00 00 00 00 12 00 18 0E 60 00 00 00 00 00  00 00 00 00 00 00 00 00 EC 00 00 00 01 00 15 00
28 0E 60 00 00 00 00 00 00 00 00 00 00 00 00 00  F5 00 00 00 00 00 12 00 10 0E 60 00 00 00 00 00
00 00 00 00 00 00 00 00 08 01 00 00 01 00 17 00  00 10 60 00 00 00 00 00 00 00 00 00 00 00 00 00
1E 01 00 00 12 00 0D 00 00 06 40 00 00 00 00 00  02 00 00 00 00 00 00 00 2E 01 00 00 20 00 00 00
00 00 00 00 00 00 00 00 00 00 00 00 00 00 00 00  4A 01 00 00 20 00 18 00 30 10 60 00 00 00 00 00
00 00 00 00 00 00 00 00 55 01 00 00 10 00 18 00  40 10 60 00 00 00 00 00 00 00 00 00 00 00 00 00
5C 01 00 00 12 00 0E 00 04 06 40 00 00 00 00 00  00 00 00 00 00 00 00 00 62 01 00 00 12 00 00 00
00 00 00 00 00 00 00 00 00 00 00 00 00 00 00 00  76 01 00 00 12 00 00 00 00 00 00 00 00 00 00 00
00 00 00 00 00 00 00 00 95 01 00 00 10 00 18 00  30 10 60 00 00 00 00 00 00 00 00 00 00 00 00 00
A2 01 00 00 20 00 00 00 00 00 00 00 00 00 00 00  00 00 00 00 00 00 00 00 B1 01 00 00 11 02 18 00
38 10 60 00 00 00 00 00 00 00 00 00 00 00 00 00  BE 01 00 00 11 00 0F 00 10 06 40 00 00 00 00 00
04 00 00 00 00 00 00 00 CD 01 00 00 12 00 0D 00  90 05 40 00 00 00 00 00 65 00 00 00 00 00 00 00
DD 01 00 00 10 00 19 00 48 10 60 00 00 00 00 00  00 00 00 00 00 00 00 00 E2 01 00 00 12 00 0D 00
40 04 40 00 00 00 00 00 00 00 00 00 00 00 00 00  E9 01 00 00 10 00 19 00 40 10 60 00 00 00 00 00
00 00 00 00 00 00 00 00 F5 01 00 00 12 00 0D 00  36 05 40 00 00 00 00 00 54 00 00 00 00 00 00 00
FA 01 00 00 20 00 00 00 00 00 00 00 00 00 00 00  00 00 00 00 00 00 00 00 0E 02 00 00 11 02 18 00
40 10 60 00 00 00 00 00 00 00 00 00 00 00 00 00  1A 02 00 00 20 00 00 00 00 00 00 00 00 00 00 00
00 00 00 00 00 00 00 00 34 02 00 00 12 00 0B 00  E0 03 40 00 00 00 00 00 00 00 00 00 00 00 00 00
00 63 72 74 73 74 75 66 66 2E 63 00 5F 5F 4A 43  52 5F 4C 49 53 54 5F 5F 00 64 65 72 65 67 69 73
74 65 72 5F 74 6D 5F 63 6C 6F 6E 65 73 00 72 65  67 69 73 74 65 72 5F 74 6D 5F 63 6C 6F 6E 65 73
00 5F 5F 64 6F 5F 67 6C 6F 62 61 6C 5F 64 74 6F  72 73 5F 61 75 78 00 63 6F 6D 70 6C 65 74 65 64
2E 37 35 30 36 00 5F 5F 64 6F 5F 67 6C 6F 62 61  6C 5F 64 74 6F 72 73 5F 61 75 78 5F 66 69 6E 69
5F 61 72 72 61 79 5F 65 6E 74 72 79 00 66 72 61  6D 65 5F 64 75 6D 6D 79 00 5F 5F 66 72 61 6D 65
5F 64 75 6D 6D 79 5F 69 6E 69 74 5F 61 72 72 61  79 5F 65 6E 74 72 79 00 73 69 6D 70 6C 65 2E 63
00 5F 5F 46 52 41 4D 45 5F 45 4E 44 5F 5F 00 5F  5F 4A 43 52 5F 45 4E 44 5F 5F 00 5F 5F 69 6E 69
74 5F 61 72 72 61 79 5F 65 6E 64 00 5F 44 59 4E  41 4D 49 43 00 5F 5F 69 6E 69 74 5F 61 72 72 61
79 5F 73 74 61 72 74 00 5F 47 4C 4F 42 41 4C 5F  4F 46 46 53 45 54 5F 54 41 42 4C 45 5F 00 5F 5F
6C 69 62 63 5F 63 73 75 5F 66 69 6E 69 00 5F 49  54 4D 5F 64 65 72 65 67 69 73 74 65 72 54 4D 43
6C 6F 6E 65 54 61 62 6C 65 00 64 61 74 61 5F 73  74 61 72 74 00 5F 65 64 61 74 61 00 5F 66 69 6E
69 00 70 72 69 6E 74 66 40 40 47 4C 49 42 43 5F  32 2E 32 2E 35 00 5F 5F 6C 69 62 63 5F 73 74 61
72 74 5F 6D 61 69 6E 40 40 47 4C 49 42 43 5F 32  2E 32 2E 35 00 5F 5F 64 61 74 61 5F 73 74 61 72
74 00 5F 5F 67 6D 6F 6E 5F 73 74 61 72 74 5F 5F  00 5F 5F 64 73 6F 5F 68 61 6E 64 6C 65 00 5F 49
4F 5F 73 74 64 69 6E 5F 75 73 65 64 00 5F 5F 6C  69 62 63 5F 63 73 75 5F 69 6E 69 74 00 5F 65 6E
64 00 5F 73 74 61 72 74 00 5F 5F 62 73 73 5F 73  74 61 72 74 00 6D 61 69 6E 00 5F 4A 76 5F 52 65
67 69 73 74 65 72 43 6C 61 73 73 65 73 00 5F 5F  54 4D 43 5F 45 4E 44 5F 5F 00 5F 49 54 4D 5F 72
65 67 69 73 74 65 72 54 4D 43 6C 6F 6E 65 54 61  62 6C 65 00 5F 69 6E 69 74 00                  

