7F 45 4C 46 02 01 01 00 00 00 00 00 00 00 00 00  01 00 3E 00 01 00 00 00 00 00 00 00 00 00 00 00
00 00 00 00 00 00 00 00 70 01 00 00 00 00 00 00  00 00 00 00 40 00 00 00 00 00 40 00 0D 00 0A 00
55 48 89 E5 48 83 EC 20 C7 45 EC 01 00 00 00 C7  45 F0 02 00 00 00 C7 45 F4 03 00 00 00 C7 45 F8
04 00 00 00 8B 45 EC 0F AF 45 F0 8B 4D F4 8B 55  F8 01 CA 0F AF C2 89 45 FC 8B 45 FC 89 C6 BF 00
00 00 00 B8 00 00 00 00 E8 00 00 00 00 B8 00 00  00 00 C9 C3 25 69 0A 00 00 47 43 43 3A 20 28 55
62 75 6E 74 75 20 35 2E 33 2E 30 2D 33 75 62 75  6E 74 75 31 7E 31 34 2E 30 34 29 20 35 2E 33 2E
30 20 32 30 31 35 31 32 30 34 00 00 00 00 00 00  14 00 00 00 00 00 00 00 01 7A 52 00 01 78 10 01
1B 0C 07 08 90 01 00 00 1C 00 00 00 1C 00 00 00  00 00 00 00 54 00 00 00 00 41 0E 10 86 02 43 0D
06 02 4F 0C 07 08 00 00 00 2E 73 79 6D 74 61 62  00 2E 73 74 72 74 61 62 00 2E 73 68 73 74 72 74
61 62 00 2E 72 65 6C 61 2E 74 65 78 74 00 2E 64  61 74 61 00 2E 62 73 73 00 2E 72 6F 64 61 74 61
00 2E 63 6F 6D 6D 65 6E 74 00 2E 6E 6F 74 65 2E  47 4E 55 2D 73 74 61 63 6B 00 2E 72 65 6C 61 2E
65 68 5F 66 72 61 6D 65 00 00 00 00 00 00 00 00  00 00 00 00 00 00 00 00 00 00 00 00 00 00 00 00
00 00 00 00 00 00 00 00 00 00 00 00 00 00 00 00  00 00 00 00 00 00 00 00 00 00 00 00 00 00 00 00
00 00 00 00 00 00 00 00 00 00 00 00 00 00 00 00  20 00 00 00 01 00 00 00 06 00 00 00 00 00 00 00
00 00 00 00 00 00 00 00 40 00 00 00 00 00 00 00  54 00 00 00 00 00 00 00 00 00 00 00 00 00 00 00
01 00 00 00 00 00 00 00 00 00 00 00 00 00 00 00  1B 00 00 00 04 00 00 00 00 00 00 00 00 00 00 00
00 00 00 00 00 00 00 00 D0 05 00 00 00 00 00 00  30 00 00 00 00 00 00 00 0B 00 00 00 01 00 00 00
08 00 00 00 00 00 00 00 18 00 00 00 00 00 00 00  26 00 00 00 01 00 00 00 03 00 00 00 00 00 00 00
00 00 00 00 00 00 00 00 94 00 00 00 00 00 00 00  00 00 00 00 00 00 00 00 00 00 00 00 00 00 00 00
01 00 00 00 00 00 00 00 00 00 00 00 00 00 00 00  2C 00 00 00 08 00 00 00 03 00 00 00 00 00 00 00
00 00 00 00 00 00 00 00 94 00 00 00 00 00 00 00  00 00 00 00 00 00 00 00 00 00 00 00 00 00 00 00
01 00 00 00 00 00 00 00 00 00 00 00 00 00 00 00  31 00 00 00 01 00 00 00 02 00 00 00 00 00 00 00
00 00 00 00 00 00 00 00 94 00 00 00 00 00 00 00  04 00 00 00 00 00 00 00 00 00 00 00 00 00 00 00
01 00 00 00 00 00 00 00 00 00 00 00 00 00 00 00  39 00 00 00 01 00 00 00 30 00 00 00 00 00 00 00
00 00 00 00 00 00 00 00 98 00 00 00 00 00 00 00  33 00 00 00 00 00 00 00 00 00 00 00 00 00 00 00
01 00 00 00 00 00 00 00 01 00 00 00 00 00 00 00  42 00 00 00 01 00 00 00 00 00 00 00 00 00 00 00
00 00 00 00 00 00 00 00 CB 00 00 00 00 00 00 00  00 00 00 00 00 00 00 00 00 00 00 00 00 00 00 00
01 00 00 00 00 00 00 00 00 00 00 00 00 00 00 00  57 00 00 00 01 00 00 00 02 00 00 00 00 00 00 00
00 00 00 00 00 00 00 00 D0 00 00 00 00 00 00 00  38 00 00 00 00 00 00 00 00 00 00 00 00 00 00 00
08 00 00 00 00 00 00 00 00 00 00 00 00 00 00 00  52 00 00 00 04 00 00 00 00 00 00 00 00 00 00 00
00 00 00 00 00 00 00 00 00 06 00 00 00 00 00 00  18 00 00 00 00 00 00 00 0B 00 00 00 08 00 00 00
08 00 00 00 00 00 00 00 18 00 00 00 00 00 00 00  11 00 00 00 03 00 00 00 00 00 00 00 00 00 00 00
00 00 00 00 00 00 00 00 08 01 00 00 00 00 00 00  61 00 00 00 00 00 00 00 00 00 00 00 00 00 00 00
01 00 00 00 00 00 00 00 00 00 00 00 00 00 00 00  01 00 00 00 02 00 00 00 00 00 00 00 00 00 00 00
00 00 00 00 00 00 00 00 B0 04 00 00 00 00 00 00  08 01 00 00 00 00 00 00 0C 00 00 00 09 00 00 00
08 00 00 00 00 00 00 00 18 00 00 00 00 00 00 00  09 00 00 00 03 00 00 00 00 00 00 00 00 00 00 00
00 00 00 00 00 00 00 00 B8 05 00 00 00 00 00 00  16 00 00 00 00 00 00 00 00 00 00 00 00 00 00 00
01 00 00 00 00 00 00 00 00 00 00 00 00 00 00 00  00 00 00 00 00 00 00 00 00 00 00 00 00 00 00 00
00 00 00 00 00 00 00 00 01 00 00 00 04 00 F1 FF  00 00 00 00 00 00 00 00 00 00 00 00 00 00 00 00
00 00 00 00 03 00 01 00 00 00 00 00 00 00 00 00  00 00 00 00 00 00 00 00 00 00 00 00 03 00 03 00
00 00 00 00 00 00 00 00 00 00 00 00 00 00 00 00  00 00 00 00 03 00 04 00 00 00 00 00 00 00 00 00
00 00 00 00 00 00 00 00 00 00 00 00 03 00 05 00  00 00 00 00 00 00 00 00 00 00 00 00 00 00 00 00
00 00 00 00 03 00 07 00 00 00 00 00 00 00 00 00  00 00 00 00 00 00 00 00 00 00 00 00 03 00 08 00
00 00 00 00 00 00 00 00 00 00 00 00 00 00 00 00  00 00 00 00 03 00 06 00 00 00 00 00 00 00 00 00
00 00 00 00 00 00 00 00 0A 00 00 00 12 00 01 00  00 00 00 00 00 00 00 00 54 00 00 00 00 00 00 00
0F 00 00 00 10 00 00 00 00 00 00 00 00 00 00 00  00 00 00 00 00 00 00 00 00 73 69 6D 70 6C 65 2E
63 00 6D 61 69 6E 00 70 72 69 6E 74 66 00 00 00  3F 00 00 00 00 00 00 00 0A 00 00 00 05 00 00 00
00 00 00 00 00 00 00 00 49 00 00 00 00 00 00 00  02 00 00 00 0A 00 00 00 FC FF FF FF FF FF FF FF
20 00 00 00 00 00 00 00 02 00 00 00 02 00 00 00  00 00 00 00 00 00 00 00                        

