Reverse test =============================
The original arrays:
    8
    1    2    3
    1    2    3    4
   19   64   73   10   84   37   69   72   83   29   29   36   69   45   87   31    1   98   22   75   15   77   76   23   59    9   64   71   24   21   17   47   66   62   42    8   57   39   67    7   39   23   19   75    8   37   76   13   77   20   37   72   61   40   76   44    8   26   47   19   62   29   95   30   43   89   26   27   44   29   56   66   28   50   67   26   27   24   63   82   32   88   76   20   18    3    1   89   43   25   50   62   87   82   67   61   50    2   53   61
The reversed arrays:
    8
    3    2    1
    4    3    2    1
   61   53    2   50   61   67   82   87   62   50   25   43   89    1    3   18   20   76   88   32   82   63   24   27   26   67   50   28   66   56   29   44   27   26   89   43   30   95   29   62   19   47   26    8   44   76   40   61   72   37   20   77   13   76   37    8   75   19   23   39    7   67   39   57    8   42   62   66   47   17   21   24   71   64    9   59   23   76   77   15   75   22   98    1   31   87   45   69   36   29   29   83   72   69   37   84   10   73   64   19

Add test =============================
The original arrays:
  -43   49   20   36   24  -41   75  -37   16  -86   57  -88  -33  -40  -43   68  -46   51  -28   87  -75  -56    7   61  -73   69   61  -71   88  -19   93  -59   66   38   -9  -19  -87  -53   30   54   15   52  -89   28   86  -78 -100   21   61   13   64  -87    1   23 -100  -68  -14  -91   -7  -97  -45   89 -100  -57   19   77  -27  -27   -1   70   38  -63   16   55  -39   23   41  -39  -99  -81   70  -44  -99  -80   61    7   86   -2   58   24  -28   90   76  -35    2   11  -65  -84   78    0

  -69  -21   13  -80  -54  -79   76 -100   86   13   48  -65   58   30   40   84  -52  -28  -68  -27   -2   74  -76   13   44  -97   55  -26  -48    9  -46  -79   99  -79  -17   83  -42   34   74   15  -43  -24  -38    0    7  -73   60   49  -32  -98   84  -23   66   99  -13  -33   46   18  -69   21 -100   -9   49   48   45   42  -11    8  -87   81   42   43   91  -75   89   98   15  -58  -55    1  -68   23   16  -67  -41   94  -12   23   99  -44   48    1  -57   28   22  -61   -3   -9  -31  -21
The sum of the two arrays:
 -112   28   33  -44  -30 -120  151 -137  102  -73  105 -153   25  -10   -3  152  -98   23  -96   60  -77   18  -69   74  -29  -28  116  -97   40  -10   47 -138  165  -41  -26   64 -129  -19  104   69  -28   28 -127   28   93 -151  -40   70   29  -85  148 -110   67  122 -113 -101   32  -73  -76  -76 -145   80  -51   -9   64  119  -38  -19  -88  151   80  -20  107  -20   50  121   56  -97 -154  -80    2  -21  -83 -147   20  101   74   21  157  -20   20   91   19   -7   24  -50  -68  -93   47  -21

Scalar multiply test =============================
The original array:
   -2   32   58   42  -19  -25  -75   77   85  -93   26  -97   -9  -75   36   31  -33   58   84  -67  -13   21   78   34  -88  -99  -47  -33   59   50   15   40   23  -70  -20   83   62    1   12   38   94  -96    2   13   94   26   22   33  -10   43  -51   59  -64  -30  -68   86  -69  -76  -52  100  -84   32  -73   21  -49   48  -44   33  -47   -7   74  -43  -51  -45   19  -56  -18    8  -35   -6   20  -21  -54    3   -2   64   93  -40  -28  -57  -40   17   23   47   19   63   96   68    4   33
The array multiplied by 2:
   -4   64  116   84  -38  -50 -150  154  170 -186   52 -194  -18 -150   72   62  -66  116  168 -134  -26   42  156   68 -176 -198  -94  -66  118  100   30   80   46 -140  -40  166  124    2   24   76  188 -192    4   26  188   52   44   66  -20   86 -102  118 -128  -60 -136  172 -138 -152 -104  200 -168   64 -146   42  -98   96  -88   66  -94  -14  148  -86 -102  -90   38 -112  -36   16  -70  -12   40  -42 -108    6   -4  128  186  -80  -56 -114  -80   34   46   94   38  126  192  136    8   66
And now multiplied by 5:
  -20  320  580  420 -190 -250 -750  770  850 -930  260 -970  -90 -750  360  310 -330  580  840 -670 -130  210  780  340 -880 -990 -470 -330  590  500  150  400  230 -700 -200  830  620   10  120  380  940 -960   20  130  940  260  220  330 -100  430 -510  590 -640 -300 -680  860 -690 -760 -520 1000 -840  320 -730  210 -490  480 -440  330 -470  -70  740 -430 -510 -450  190 -560 -180   80 -350  -60  200 -210 -540   30  -20  640  930 -400 -280 -570 -400  170  230  470  190  630  960  680   40  330

Dot product test =============================
The original arrays:
   -9    9   -3   -3   -6    0   -9    8    5    8    2    0   -7   -4    7    8   -8    7    6   -1   -1   -4   -1    2   -2   -2    8   -3   -2   -2    9   -9   -7   -4    6   -2   -8    7   -4    7   -3    0    4   -1    5    9   -9    6    7    9    0   -1    5    8    0   -7    1   -1    9    4   -1    9   -6   -4  -10   -6   -9   -6   -5   -3    2    9    5   -9    0    1   -3    3   -9    3    0   -7   -9    7  -10    0    4   -8   -6    2    0   -3   -2   -7   -6    9   -6   -9    8   -4

   -4    2   -6   -8   -4   -5   -9   10    2    7    9  -10   -7  -10   -9    9    0   -4   -6   -5   -3    2    4   -8    1   -4    6    2    7   -7   -8    5    0   -7   -5   -2   -6   -4    1    4   -1   -7   -6   -1    6    0   10   -1   -8    7    5   -1    7    3    5   -9    2   -9   -6   10    7    1    0    9   10   -8   -8    4   -4   -1    2   -6   -7    2   -6   -4   -9   -3   -9   -4    9    6   -3    0   -5   -8   -1   -2    8    4    0    3   -3   -6   -2   -5   -9   -9    2   10
The dot product of a and b is 486
The dot product of a and a is 3451
The dot product of b and b is 3569

Cross product test =============================
The original arrays:
   -7   -9    2

   -3    5   -1
The cross product of a x b is:   -1  -13  -62

The original arrays:
   -9   10   -8

    8   -6   -2
The cross product of a x b is:  -68  -82  -26

The original arrays:
   -8    8    0

   -7   -9   -7
The cross product of a x b is:  -56  -56  128

The original arrays:
   -4    7    6

   -2    0    3
The cross product of a x b is:   21    0   14

The original arrays:
   -5  -10    7

    8   10    7
The cross product of a x b is: -140   91   30

The original arrays:
    3    9   -7

   10   10   -7
The cross product of a x b is:    7  -49  -60

The original arrays:
   -6   -4    9

    6    5    3
The cross product of a x b is:  -57   72   -6

The original arrays:
    3   -9    6

   -9   -3   -9
The cross product of a x b is:   99  -27  -90

The original arrays:
    0   -7   -4

    9    6    2
The cross product of a x b is:   10  -36   63

The original arrays:
   -8    8    2

    3    8    7
The cross product of a x b is:   40   62  -88

