Boats placed:
   0   0   0   0   0   0   0   0
   0   0   0   0   0   0   0   0
   0   0   0   0   0   0   0   0
   5   5   5   5   1   1   1   1
   0   0   0   0   0   0   0   0
   4   0   0   0   0   0   0   0
   4   0   0   0   0   0   0   0
   4   0   0   0   0   0   0   0
   4   2   0   0   0   0   0   3
   0   2   0   0   0   0   0   3
   0   2   0   0   0   0   0   3
   0   2   0   0   0   0   0   3

MISS
      Hits:   0
    Misses:   1
Duplicates:   0
Boats Sunk:   0
   0   0   0   0   0   0   0   0
   0   0   0   0   0   0   0   0
   0   0   0   0   0   0   0   0
   5   5   5   5   1   1   1   1
   0   0   0   0   0   0   0   0
   4   0   0   0  -1   0   0   0
   4   0   0   0   0   0   0   0
   4   0   0   0   0   0   0   0
   4   2   0   0   0   0   0   3
   0   2   0   0   0   0   0   3
   0   2   0   0   0   0   0   3
   0   2   0   0   0   0   0   3

MISS
      Hits:   0
    Misses:   2
Duplicates:   0
Boats Sunk:   0
   0   0   0   0   0   0   0   0
   0   0   0   0   0   0   0   0
   0   0   0   0   0   0   0   0
   5   5   5   5   1   1   1   1
   0   0   0   0   0   0   0   0
   4   0   0   0  -1   0   0   0
   4   0   0   0   0   0   0   0
   4   0   0  -1   0   0   0   0
   4   2   0   0   0   0   0   3
   0   2   0   0   0   0   0   3
   0   2   0   0   0   0   0   3
   0   2   0   0   0   0   0   3

HIT
      Hits:   1
    Misses:   2
Duplicates:   0
Boats Sunk:   0
   0   0   0   0   0   0   0   0
   0   0   0   0   0   0   0   0
   0   0   0   0   0   0   0   0
   5   5   5   5   1   1   1   1
   0   0   0   0   0   0   0   0
 104   0   0   0  -1   0   0   0
   4   0   0   0   0   0   0   0
   4   0   0  -1   0   0   0   0
   4   2   0   0   0   0   0   3
   0   2   0   0   0   0   0   3
   0   2   0   0   0   0   0   3
   0   2   0   0   0   0   0   3

MISS
      Hits:   1
    Misses:   3
Duplicates:   0
Boats Sunk:   0
   0   0   0   0   0   0   0   0
   0   0   0   0   0   0   0   0
   0   0   0   0   0   0   0   0
   5   5   5   5   1   1   1   1
   0   0   0   0   0   0   0   0
 104   0   0   0  -1   0   0   0
   4   0   0   0   0   0   0   0
   4   0   0  -1   0   0   0   0
   4   2   0   0  -1   0   0   3
   0   2   0   0   0   0   0   3
   0   2   0   0   0   0   0   3
   0   2   0   0   0   0   0   3

MISS
      Hits:   1
    Misses:   4
Duplicates:   1
Boats Sunk:   0
   0   0   0   0   0   0   0   0
   0   0   0   0   0   0   0   0
   0   0   0   0   0   0   0   0
   5   5   5   5   1   1   1   1
   0   0   0   0   0   0   0   0
 104   0   0   0  -1   0   0   0
   4   0   0   0   0   0   0   0
   4   0  -1  -1   0   0   0   0
   4   2   0   0  -1   0   0   3
   0   2   0   0   0   0   0   3
   0   2   0   0   0   0   0   3
   0   2   0   0   0   0   0   3

MISS
      Hits:   1
    Misses:   5
Duplicates:   1
Boats Sunk:   0
   0   0   0   0   0   0   0   0
   0   0   0   0   0   0   0   0
   0   0   0   0   0  -1   0   0
   5   5   5   5   1   1   1   1
   0   0   0   0   0   0   0   0
 104   0   0   0  -1   0   0   0
   4   0   0   0   0   0   0   0
   4   0  -1  -1   0   0   0   0
   4   2   0   0  -1   0   0   3
   0   2   0   0   0   0   0   3
   0   2   0   0   0   0   0   3
   0   2   0   0   0   0   0   3

MISS
      Hits:   1
    Misses:   6
Duplicates:   1
Boats Sunk:   0
   0   0   0   0   0   0   0   0
   0   0   0   0   0   0   0   0
   0   0   0   0   0  -1   0   0
   5   5   5   5   1   1   1   1
   0   0   0   0   0   0   0   0
 104   0   0   0  -1   0   0   0
   4   0   0   0   0   0   0   0
   4   0  -1  -1  -1   0   0   0
   4   2   0   0  -1   0   0   3
   0   2   0   0   0   0   0   3
   0   2   0   0   0   0   0   3
   0   2   0   0   0   0   0   3

HIT
      Hits:   2
    Misses:   6
Duplicates:   1
Boats Sunk:   0
   0   0   0   0   0   0   0   0
   0   0   0   0   0   0   0   0
   0   0   0   0   0  -1   0   0
   5   5   5   5   1   1 101   1
   0   0   0   0   0   0   0   0
 104   0   0   0  -1   0   0   0
   4   0   0   0   0   0   0   0
   4   0  -1  -1  -1   0   0   0
   4   2   0   0  -1   0   0   3
   0   2   0   0   0   0   0   3
   0   2   0   0   0   0   0   3
   0   2   0   0   0   0   0   3

MISS
      Hits:   2
    Misses:   7
Duplicates:   1
Boats Sunk:   0
   0   0  -1   0   0   0   0   0
   0   0   0   0   0   0   0   0
   0   0   0   0   0  -1   0   0
   5   5   5   5   1   1 101   1
   0   0   0   0   0   0   0   0
 104   0   0   0  -1   0   0   0
   4   0   0   0   0   0   0   0
   4   0  -1  -1  -1   0   0   0
   4   2   0   0  -1   0   0   3
   0   2   0   0   0   0   0   3
   0   2   0   0   0   0   0   3
   0   2   0   0   0   0   0   3

MISS
      Hits:   2
    Misses:   8
Duplicates:   1
Boats Sunk:   0
   0   0  -1   0   0   0   0   0
   0   0   0   0   0   0   0   0
   0   0  -1   0   0  -1   0   0
   5   5   5   5   1   1 101   1
   0   0   0   0   0   0   0   0
 104   0   0   0  -1   0   0   0
   4   0   0   0   0   0   0   0
   4   0  -1  -1  -1   0   0   0
   4   2   0   0  -1   0   0   3
   0   2   0   0   0   0   0   3
   0   2   0   0   0   0   0   3
   0   2   0   0   0   0   0   3

MISS
      Hits:   2
    Misses:   9
Duplicates:   1
Boats Sunk:   0
   0   0  -1   0   0   0   0   0
   0   0   0   0   0   0   0   0
   0   0  -1   0   0  -1   0   0
   5   5   5   5   1   1 101   1
   0   0   0   0   0   0   0   0
 104   0   0   0  -1   0   0   0
   4   0   0   0   0   0   0   0
   4   0  -1  -1  -1   0   0   0
   4   2   0   0  -1   0   0   3
   0   2   0   0   0   0  -1   3
   0   2   0   0   0   0   0   3
   0   2   0   0   0   0   0   3

MISS
      Hits:   2
    Misses:  10
Duplicates:   1
Boats Sunk:   0
   0   0  -1   0   0   0   0   0
   0   0   0  -1   0   0   0   0
   0   0  -1   0   0  -1   0   0
   5   5   5   5   1   1 101   1
   0   0   0   0   0   0   0   0
 104   0   0   0  -1   0   0   0
   4   0   0   0   0   0   0   0
   4   0  -1  -1  -1   0   0   0
   4   2   0   0  -1   0   0   3
   0   2   0   0   0   0  -1   3
   0   2   0   0   0   0   0   3
   0   2   0   0   0   0   0   3

MISS
      Hits:   2
    Misses:  11
Duplicates:   1
Boats Sunk:   0
   0   0  -1   0   0   0   0   0
   0   0   0  -1   0   0   0   0
   0   0  -1   0   0  -1   0   0
   5   5   5   5   1   1 101   1
   0   0   0   0   0   0   0   0
 104   0   0   0  -1   0   0   0
   4   0   0   0   0   0   0   0
   4  -1  -1  -1  -1   0   0   0
   4   2   0   0  -1   0   0   3
   0   2   0   0   0   0  -1   3
   0   2   0   0   0   0   0   3
   0   2   0   0   0   0   0   3

MISS
      Hits:   2
    Misses:  12
Duplicates:   2
Boats Sunk:   0
   0   0  -1   0   0   0   0   0
   0   0   0  -1   0   0   0   0
   0   0  -1   0   0  -1   0   0
   5   5   5   5   1   1 101   1
   0   0   0   0   0   0   0   0
 104   0   0   0  -1   0   0   0
   4   0   0   0   0   0   0   0
   4  -1  -1  -1  -1   0   0   0
   4   2   0   0  -1   0   0   3
   0   2   0   0   0   0  -1   3
   0   2   0   0   0   0   0   3
   0   2   0   0   0  -1   0   3

MISS
      Hits:   2
    Misses:  13
Duplicates:   2
Boats Sunk:   0
   0   0  -1   0   0   0   0   0
   0   0   0  -1   0   0   0   0
   0   0  -1   0   0  -1   0   0
   5   5   5   5   1   1 101   1
   0   0   0   0   0   0   0   0
 104   0   0   0  -1   0  -1   0
   4   0   0   0   0   0   0   0
   4  -1  -1  -1  -1   0   0   0
   4   2   0   0  -1   0   0   3
   0   2   0   0   0   0  -1   3
   0   2   0   0   0   0   0   3
   0   2   0   0   0  -1   0   3

MISS
      Hits:   2
    Misses:  14
Duplicates:   2
Boats Sunk:   0
   0   0  -1   0   0   0   0  -1
   0   0   0  -1   0   0   0   0
   0   0  -1   0   0  -1   0   0
   5   5   5   5   1   1 101   1
   0   0   0   0   0   0   0   0
 104   0   0   0  -1   0  -1   0
   4   0   0   0   0   0   0   0
   4  -1  -1  -1  -1   0   0   0
   4   2   0   0  -1   0   0   3
   0   2   0   0   0   0  -1   3
   0   2   0   0   0   0   0   3
   0   2   0   0   0  -1   0   3

MISS
      Hits:   2
    Misses:  15
Duplicates:   2
Boats Sunk:   0
   0   0  -1   0   0   0   0  -1
   0   0   0  -1   0   0   0   0
   0   0  -1   0   0  -1   0   0
   5   5   5   5   1   1 101   1
   0   0   0   0   0   0   0   0
 104   0   0   0  -1   0  -1   0
   4   0   0   0   0   0   0   0
   4  -1  -1  -1  -1   0   0   0
   4   2   0   0  -1   0   0   3
   0   2   0   0   0   0  -1   3
   0   2   0  -1   0   0   0   3
   0   2   0   0   0  -1   0   3

HIT
      Hits:   3
    Misses:  15
Duplicates:   2
Boats Sunk:   0
   0   0  -1   0   0   0   0  -1
   0   0   0  -1   0   0   0   0
   0   0  -1   0   0  -1   0   0
   5   5   5   5   1   1 101   1
   0   0   0   0   0   0   0   0
 104   0   0   0  -1   0  -1   0
   4   0   0   0   0   0   0   0
   4  -1  -1  -1  -1   0   0   0
   4   2   0   0  -1   0   0 103
   0   2   0   0   0   0  -1   3
   0   2   0  -1   0   0   0   3
   0   2   0   0   0  -1   0   3

MISS
      Hits:   3
    Misses:  16
Duplicates:   2
Boats Sunk:   0
   0   0  -1   0   0   0   0  -1
   0   0   0  -1   0   0   0   0
   0   0  -1   0   0  -1   0   0
   5   5   5   5   1   1 101   1
   0   0   0   0   0   0   0   0
 104   0   0   0  -1   0  -1   0
   4   0   0   0   0   0   0   0
   4  -1  -1  -1  -1   0   0   0
   4   2   0  -1  -1   0   0 103
   0   2   0   0   0   0  -1   3
   0   2   0  -1   0   0   0   3
   0   2   0   0   0  -1   0   3

MISS
      Hits:   3
    Misses:  17
Duplicates:   3
Boats Sunk:   0
   0   0  -1   0   0   0   0  -1
   0   0   0  -1   0   0   0   0
   0   0  -1   0   0  -1   0   0
   5   5   5   5   1   1 101   1
   0   0   0   0   0   0   0   0
 104   0   0   0  -1   0  -1   0
   4   0   0   0   0   0   0   0
   4  -1  -1  -1  -1   0   0   0
   4   2   0  -1  -1   0   0 103
   0   2   0   0   0   0  -1   3
   0   2   0  -1   0   0   0   3
   0   2   0   0  -1  -1   0   3

MISS
      Hits:   3
    Misses:  18
Duplicates:   3
Boats Sunk:   0
   0   0  -1   0   0   0   0  -1
   0   0   0  -1   0  -1   0   0
   0   0  -1   0   0  -1   0   0
   5   5   5   5   1   1 101   1
   0   0   0   0   0   0   0   0
 104   0   0   0  -1   0  -1   0
   4   0   0   0   0   0   0   0
   4  -1  -1  -1  -1   0   0   0
   4   2   0  -1  -1   0   0 103
   0   2   0   0   0   0  -1   3
   0   2   0  -1   0   0   0   3
   0   2   0   0  -1  -1   0   3

MISS
      Hits:   3
    Misses:  19
Duplicates:   3
Boats Sunk:   0
   0   0  -1   0   0   0   0  -1
   0   0   0  -1   0  -1   0   0
   0   0  -1   0   0  -1   0   0
   5   5   5   5   1   1 101   1
   0   0   0   0   0   0   0   0
 104   0   0   0  -1  -1  -1   0
   4   0   0   0   0   0   0   0
   4  -1  -1  -1  -1   0   0   0
   4   2   0  -1  -1   0   0 103
   0   2   0   0   0   0  -1   3
   0   2   0  -1   0   0   0   3
   0   2   0   0  -1  -1   0   3

HIT
      Hits:   4
    Misses:  19
Duplicates:   3
Boats Sunk:   0
   0   0  -1   0   0   0   0  -1
   0   0   0  -1   0  -1   0   0
   0   0  -1   0   0  -1   0   0
   5   5   5   5   1   1 101 101
   0   0   0   0   0   0   0   0
 104   0   0   0  -1  -1  -1   0
   4   0   0   0   0   0   0   0
   4  -1  -1  -1  -1   0   0   0
   4   2   0  -1  -1   0   0 103
   0   2   0   0   0   0  -1   3
   0   2   0  -1   0   0   0   3
   0   2   0   0  -1  -1   0   3

MISS
      Hits:   4
    Misses:  20
Duplicates:   3
Boats Sunk:   0
   0   0  -1   0   0   0   0  -1
   0   0   0  -1   0  -1   0   0
   0   0  -1   0   0  -1   0   0
   5   5   5   5   1   1 101 101
   0   0   0   0  -1   0   0   0
 104   0   0   0  -1  -1  -1   0
   4   0   0   0   0   0   0   0
   4  -1  -1  -1  -1   0   0   0
   4   2   0  -1  -1   0   0 103
   0   2   0   0   0   0  -1   3
   0   2   0  -1   0   0   0   3
   0   2   0   0  -1  -1   0   3

HIT
      Hits:   5
    Misses:  20
Duplicates:   3
Boats Sunk:   0
   0   0  -1   0   0   0   0  -1
   0   0   0  -1   0  -1   0   0
   0   0  -1   0   0  -1   0   0
   5   5 105   5   1   1 101 101
   0   0   0   0  -1   0   0   0
 104   0   0   0  -1  -1  -1   0
   4   0   0   0   0   0   0   0
   4  -1  -1  -1  -1   0   0   0
   4   2   0  -1  -1   0   0 103
   0   2   0   0   0   0  -1   3
   0   2   0  -1   0   0   0   3
   0   2   0   0  -1  -1   0   3

MISS
      Hits:   5
    Misses:  21
Duplicates:   4
Boats Sunk:   0
   0   0  -1   0   0   0   0  -1
   0   0   0  -1  -1  -1   0   0
   0   0  -1   0   0  -1   0   0
   5   5 105   5   1   1 101 101
   0   0   0   0  -1   0   0   0
 104   0   0   0  -1  -1  -1   0
   4   0   0   0   0   0   0   0
   4  -1  -1  -1  -1   0   0   0
   4   2   0  -1  -1   0   0 103
   0   2   0   0   0   0  -1   3
   0   2   0  -1   0   0   0   3
   0   2   0   0  -1  -1   0   3

HIT
      Hits:   6
    Misses:  21
Duplicates:   5
Boats Sunk:   0
   0   0  -1   0   0   0   0  -1
   0   0   0  -1  -1  -1   0   0
   0   0  -1   0   0  -1   0   0
   5   5 105   5 101   1 101 101
   0   0   0   0  -1   0   0   0
 104   0   0   0  -1  -1  -1   0
   4   0   0   0   0   0   0   0
   4  -1  -1  -1  -1   0   0   0
   4   2   0  -1  -1   0   0 103
   0   2   0   0   0   0  -1   3
   0   2   0  -1   0   0   0   3
   0   2   0   0  -1  -1   0   3

MISS
      Hits:   6
    Misses:  22
Duplicates:   9
Boats Sunk:   0
   0   0  -1   0   0   0   0  -1
   0   0   0  -1  -1  -1   0   0
   0   0  -1   0   0  -1   0   0
   5   5 105   5 101   1 101 101
   0   0  -1   0  -1   0   0   0
 104   0   0   0  -1  -1  -1   0
   4   0   0   0   0   0   0   0
   4  -1  -1  -1  -1   0   0   0
   4   2   0  -1  -1   0   0 103
   0   2   0   0   0   0  -1   3
   0   2   0  -1   0   0   0   3
   0   2   0   0  -1  -1   0   3

MISS
      Hits:   6
    Misses:  23
Duplicates:   9
Boats Sunk:   0
   0   0  -1   0   0   0   0  -1
   0  -1   0  -1  -1  -1   0   0
   0   0  -1   0   0  -1   0   0
   5   5 105   5 101   1 101 101
   0   0  -1   0  -1   0   0   0
 104   0   0   0  -1  -1  -1   0
   4   0   0   0   0   0   0   0
   4  -1  -1  -1  -1   0   0   0
   4   2   0  -1  -1   0   0 103
   0   2   0   0   0   0  -1   3
   0   2   0  -1   0   0   0   3
   0   2   0   0  -1  -1   0   3

MISS
      Hits:   6
    Misses:  24
Duplicates:  10
Boats Sunk:   0
   0   0  -1   0   0  -1   0  -1
   0  -1   0  -1  -1  -1   0   0
   0   0  -1   0   0  -1   0   0
   5   5 105   5 101   1 101 101
   0   0  -1   0  -1   0   0   0
 104   0   0   0  -1  -1  -1   0
   4   0   0   0   0   0   0   0
   4  -1  -1  -1  -1   0   0   0
   4   2   0  -1  -1   0   0 103
   0   2   0   0   0   0  -1   3
   0   2   0  -1   0   0   0   3
   0   2   0   0  -1  -1   0   3

MISS
      Hits:   6
    Misses:  25
Duplicates:  11
Boats Sunk:   0
   0   0  -1   0   0  -1   0  -1
   0  -1   0  -1  -1  -1   0   0
   0   0  -1   0   0  -1   0   0
   5   5 105   5 101   1 101 101
   0   0  -1   0  -1   0   0   0
 104   0   0   0  -1  -1  -1   0
   4   0   0   0   0   0   0   0
   4  -1  -1  -1  -1   0   0   0
   4   2   0  -1  -1   0   0 103
   0   2   0  -1   0   0  -1   3
   0   2   0  -1   0   0   0   3
   0   2   0   0  -1  -1   0   3

MISS
      Hits:   6
    Misses:  26
Duplicates:  11
Boats Sunk:   0
   0   0  -1   0   0  -1   0  -1
   0  -1   0  -1  -1  -1   0   0
   0   0  -1   0   0  -1   0   0
   5   5 105   5 101   1 101 101
   0   0  -1   0  -1   0   0   0
 104   0   0   0  -1  -1  -1   0
   4   0   0   0   0  -1   0   0
   4  -1  -1  -1  -1   0   0   0
   4   2   0  -1  -1   0   0 103
   0   2   0  -1   0   0  -1   3
   0   2   0  -1   0   0   0   3
   0   2   0   0  -1  -1   0   3

MISS
      Hits:   6
    Misses:  27
Duplicates:  11
Boats Sunk:   0
   0   0  -1   0   0  -1   0  -1
   0  -1   0  -1  -1  -1   0   0
   0   0  -1   0   0  -1   0   0
   5   5 105   5 101   1 101 101
   0   0  -1   0  -1   0   0   0
 104   0   0   0  -1  -1  -1   0
   4   0   0  -1   0  -1   0   0
   4  -1  -1  -1  -1   0   0   0
   4   2   0  -1  -1   0   0 103
   0   2   0  -1   0   0  -1   3
   0   2   0  -1   0   0   0   3
   0   2   0   0  -1  -1   0   3

MISS
      Hits:   6
    Misses:  28
Duplicates:  11
Boats Sunk:   0
   0   0  -1   0   0  -1   0  -1
   0  -1   0  -1  -1  -1   0   0
   0   0  -1   0   0  -1   0   0
   5   5 105   5 101   1 101 101
   0   0  -1   0  -1   0   0   0
 104   0   0   0  -1  -1  -1   0
   4   0   0  -1   0  -1   0  -1
   4  -1  -1  -1  -1   0   0   0
   4   2   0  -1  -1   0   0 103
   0   2   0  -1   0   0  -1   3
   0   2   0  -1   0   0   0   3
   0   2   0   0  -1  -1   0   3

MISS
      Hits:   6
    Misses:  29
Duplicates:  11
Boats Sunk:   0
   0   0  -1   0   0  -1  -1  -1
   0  -1   0  -1  -1  -1   0   0
   0   0  -1   0   0  -1   0   0
   5   5 105   5 101   1 101 101
   0   0  -1   0  -1   0   0   0
 104   0   0   0  -1  -1  -1   0
   4   0   0  -1   0  -1   0  -1
   4  -1  -1  -1  -1   0   0   0
   4   2   0  -1  -1   0   0 103
   0   2   0  -1   0   0  -1   3
   0   2   0  -1   0   0   0   3
   0   2   0   0  -1  -1   0   3

MISS
      Hits:   6
    Misses:  30
Duplicates:  12
Boats Sunk:   0
   0   0  -1   0   0  -1  -1  -1
   0  -1   0  -1  -1  -1   0   0
   0   0  -1   0   0  -1   0   0
   5   5 105   5 101   1 101 101
   0   0  -1   0  -1   0   0   0
 104   0   0   0  -1  -1  -1   0
   4   0   0  -1   0  -1   0  -1
   4  -1  -1  -1  -1   0   0   0
   4   2   0  -1  -1   0   0 103
   0   2   0  -1   0   0  -1   3
   0   2   0  -1   0   0  -1   3
   0   2   0   0  -1  -1   0   3

MISS
      Hits:   6
    Misses:  31
Duplicates:  12
Boats Sunk:   0
   0   0  -1   0   0  -1  -1  -1
   0  -1   0  -1  -1  -1   0   0
   0   0  -1   0   0  -1   0   0
   5   5 105   5 101   1 101 101
   0   0  -1   0  -1   0   0   0
 104   0   0   0  -1  -1  -1   0
   4   0   0  -1   0  -1   0  -1
   4  -1  -1  -1  -1   0   0   0
   4   2   0  -1  -1   0   0 103
   0   2   0  -1   0   0  -1   3
   0   2   0  -1  -1   0  -1   3
   0   2   0   0  -1  -1   0   3

MISS
      Hits:   6
    Misses:  32
Duplicates:  12
Boats Sunk:   0
   0   0  -1   0   0  -1  -1  -1
   0  -1   0  -1  -1  -1   0   0
   0   0  -1   0   0  -1   0   0
   5   5 105   5 101   1 101 101
   0   0  -1   0  -1   0   0   0
 104   0   0   0  -1  -1  -1   0
   4   0   0  -1   0  -1   0  -1
   4  -1  -1  -1  -1   0   0   0
   4   2   0  -1  -1   0   0 103
   0   2   0  -1   0   0  -1   3
   0   2   0  -1  -1   0  -1   3
  -1   2   0   0  -1  -1   0   3

MISS
      Hits:   6
    Misses:  33
Duplicates:  12
Boats Sunk:   0
   0   0  -1   0   0  -1  -1  -1
   0  -1   0  -1  -1  -1   0   0
   0   0  -1   0  -1  -1   0   0
   5   5 105   5 101   1 101 101
   0   0  -1   0  -1   0   0   0
 104   0   0   0  -1  -1  -1   0
   4   0   0  -1   0  -1   0  -1
   4  -1  -1  -1  -1   0   0   0
   4   2   0  -1  -1   0   0 103
   0   2   0  -1   0   0  -1   3
   0   2   0  -1  -1   0  -1   3
  -1   2   0   0  -1  -1   0   3

MISS
      Hits:   6
    Misses:  34
Duplicates:  12
Boats Sunk:   0
   0   0  -1   0   0  -1  -1  -1
   0  -1   0  -1  -1  -1   0   0
   0   0  -1   0  -1  -1   0   0
   5   5 105   5 101   1 101 101
   0   0  -1   0  -1   0   0   0
 104   0   0   0  -1  -1  -1   0
   4   0   0  -1   0  -1   0  -1
   4  -1  -1  -1  -1   0   0   0
   4   2   0  -1  -1   0   0 103
   0   2   0  -1   0  -1  -1   3
   0   2   0  -1  -1   0  -1   3
  -1   2   0   0  -1  -1   0   3

MISS
      Hits:   6
    Misses:  35
Duplicates:  12
Boats Sunk:   0
   0   0  -1   0   0  -1  -1  -1
   0  -1   0  -1  -1  -1   0   0
   0   0  -1   0  -1  -1  -1   0
   5   5 105   5 101   1 101 101
   0   0  -1   0  -1   0   0   0
 104   0   0   0  -1  -1  -1   0
   4   0   0  -1   0  -1   0  -1
   4  -1  -1  -1  -1   0   0   0
   4   2   0  -1  -1   0   0 103
   0   2   0  -1   0  -1  -1   3
   0   2   0  -1  -1   0  -1   3
  -1   2   0   0  -1  -1   0   3

MISS
      Hits:   6
    Misses:  36
Duplicates:  12
Boats Sunk:   0
   0   0  -1   0   0  -1  -1  -1
   0  -1   0  -1  -1  -1   0   0
   0  -1  -1   0  -1  -1  -1   0
   5   5 105   5 101   1 101 101
   0   0  -1   0  -1   0   0   0
 104   0   0   0  -1  -1  -1   0
   4   0   0  -1   0  -1   0  -1
   4  -1  -1  -1  -1   0   0   0
   4   2   0  -1  -1   0   0 103
   0   2   0  -1   0  -1  -1   3
   0   2   0  -1  -1   0  -1   3
  -1   2   0   0  -1  -1   0   3

HIT
      Hits:   7
    Misses:  36
Duplicates:  13
Boats Sunk:   0
   0   0  -1   0   0  -1  -1  -1
   0  -1   0  -1  -1  -1   0   0
   0  -1  -1   0  -1  -1  -1   0
   5   5 105   5 101   1 101 101
   0   0  -1   0  -1   0   0   0
 104   0   0   0  -1  -1  -1   0
   4   0   0  -1   0  -1   0  -1
   4  -1  -1  -1  -1   0   0   0
   4   2   0  -1  -1   0   0 103
   0   2   0  -1   0  -1  -1 103
   0   2   0  -1  -1   0  -1   3
  -1   2   0   0  -1  -1   0   3

HIT
      Hits:   8
    Misses:  36
Duplicates:  14
Boats Sunk:   0
   0   0  -1   0   0  -1  -1  -1
   0  -1   0  -1  -1  -1   0   0
   0  -1  -1   0  -1  -1  -1   0
   5   5 105   5 101   1 101 101
   0   0  -1   0  -1   0   0   0
 104   0   0   0  -1  -1  -1   0
   4   0   0  -1   0  -1   0  -1
   4  -1  -1  -1  -1   0   0   0
 104   2   0  -1  -1   0   0 103
   0   2   0  -1   0  -1  -1 103
   0   2   0  -1  -1   0  -1   3
  -1   2   0   0  -1  -1   0   3

MISS
      Hits:   8
    Misses:  37
Duplicates:  15
Boats Sunk:   0
   0   0  -1   0   0  -1  -1  -1
   0  -1   0  -1  -1  -1   0   0
   0  -1  -1   0  -1  -1  -1   0
   5   5 105   5 101   1 101 101
   0   0  -1   0  -1   0   0   0
 104   0   0   0  -1  -1  -1   0
   4   0  -1  -1   0  -1   0  -1
   4  -1  -1  -1  -1   0   0   0
 104   2   0  -1  -1   0   0 103
   0   2   0  -1   0  -1  -1 103
   0   2   0  -1  -1   0  -1   3
  -1   2   0   0  -1  -1   0   3

MISS
      Hits:   8
    Misses:  38
Duplicates:  19
Boats Sunk:   0
   0   0  -1   0   0  -1  -1  -1
   0  -1   0  -1  -1  -1   0   0
   0  -1  -1   0  -1  -1  -1   0
   5   5 105   5 101   1 101 101
   0   0  -1   0  -1   0   0   0
 104   0   0   0  -1  -1  -1   0
   4   0  -1  -1   0  -1   0  -1
   4  -1  -1  -1  -1   0   0   0
 104   2   0  -1  -1   0   0 103
   0   2   0  -1   0  -1  -1 103
   0   2   0  -1  -1   0  -1   3
  -1   2   0  -1  -1  -1   0   3

HIT
      Hits:   9
    Misses:  38
Duplicates:  20
Boats Sunk:   0
   0   0  -1   0   0  -1  -1  -1
   0  -1   0  -1  -1  -1   0   0
   0  -1  -1   0  -1  -1  -1   0
   5   5 105   5 101   1 101 101
   0   0  -1   0  -1   0   0   0
 104   0   0   0  -1  -1  -1   0
 104   0  -1  -1   0  -1   0  -1
   4  -1  -1  -1  -1   0   0   0
 104   2   0  -1  -1   0   0 103
   0   2   0  -1   0  -1  -1 103
   0   2   0  -1  -1   0  -1   3
  -1   2   0  -1  -1  -1   0   3

HIT
      Hits:  10
    Misses:  38
Duplicates:  20
Boats Sunk:   0
   0   0  -1   0   0  -1  -1  -1
   0  -1   0  -1  -1  -1   0   0
   0  -1  -1   0  -1  -1  -1   0
   5   5 105   5 101   1 101 101
   0   0  -1   0  -1   0   0   0
 104   0   0   0  -1  -1  -1   0
 104   0  -1  -1   0  -1   0  -1
   4  -1  -1  -1  -1   0   0   0
 104   2   0  -1  -1   0   0 103
   0   2   0  -1   0  -1  -1 103
   0   2   0  -1  -1   0  -1   3
  -1   2   0  -1  -1  -1   0 103

MISS
      Hits:  10
    Misses:  39
Duplicates:  20
Boats Sunk:   0
   0   0  -1   0   0  -1  -1  -1
   0  -1   0  -1  -1  -1   0   0
   0  -1  -1   0  -1  -1  -1   0
   5   5 105   5 101   1 101 101
   0   0  -1   0  -1   0   0   0
 104   0   0   0  -1  -1  -1   0
 104   0  -1  -1   0  -1   0  -1
   4  -1  -1  -1  -1   0   0   0
 104   2   0  -1  -1   0   0 103
  -1   2   0  -1   0  -1  -1 103
   0   2   0  -1  -1   0  -1   3
  -1   2   0  -1  -1  -1   0 103

MISS
      Hits:  10
    Misses:  40
Duplicates:  22
Boats Sunk:   0
   0   0  -1  -1   0  -1  -1  -1
   0  -1   0  -1  -1  -1   0   0
   0  -1  -1   0  -1  -1  -1   0
   5   5 105   5 101   1 101 101
   0   0  -1   0  -1   0   0   0
 104   0   0   0  -1  -1  -1   0
 104   0  -1  -1   0  -1   0  -1
   4  -1  -1  -1  -1   0   0   0
 104   2   0  -1  -1   0   0 103
  -1   2   0  -1   0  -1  -1 103
   0   2   0  -1  -1   0  -1   3
  -1   2   0  -1  -1  -1   0 103

SUNK
      Hits:  11
    Misses:  40
Duplicates:  22
Boats Sunk:   1
   0   0  -1  -1   0  -1  -1  -1
   0  -1   0  -1  -1  -1   0   0
   0  -1  -1   0  -1  -1  -1   0
   5   5 105   5 101   1 101 101
   0   0  -1   0  -1   0   0   0
 104   0   0   0  -1  -1  -1   0
 104   0  -1  -1   0  -1   0  -1
 104  -1  -1  -1  -1   0   0   0
 104   2   0  -1  -1   0   0 103
  -1   2   0  -1   0  -1  -1 103
   0   2   0  -1  -1   0  -1   3
  -1   2   0  -1  -1  -1   0 103

MISS
      Hits:  11
    Misses:  41
Duplicates:  22
Boats Sunk:   1
   0   0  -1  -1   0  -1  -1  -1
   0  -1   0  -1  -1  -1   0   0
   0  -1  -1   0  -1  -1  -1   0
   5   5 105   5 101   1 101 101
   0  -1  -1   0  -1   0   0   0
 104   0   0   0  -1  -1  -1   0
 104   0  -1  -1   0  -1   0  -1
 104  -1  -1  -1  -1   0   0   0
 104   2   0  -1  -1   0   0 103
  -1   2   0  -1   0  -1  -1 103
   0   2   0  -1  -1   0  -1   3
  -1   2   0  -1  -1  -1   0 103

MISS
      Hits:  11
    Misses:  42
Duplicates:  23
Boats Sunk:   1
   0   0  -1  -1   0  -1  -1  -1
   0  -1   0  -1  -1  -1   0   0
   0  -1  -1   0  -1  -1  -1   0
   5   5 105   5 101   1 101 101
   0  -1  -1   0  -1   0   0   0
 104  -1   0   0  -1  -1  -1   0
 104   0  -1  -1   0  -1   0  -1
 104  -1  -1  -1  -1   0   0   0
 104   2   0  -1  -1   0   0 103
  -1   2   0  -1   0  -1  -1 103
   0   2   0  -1  -1   0  -1   3
  -1   2   0  -1  -1  -1   0 103

HIT
      Hits:  12
    Misses:  42
Duplicates:  23
Boats Sunk:   1
   0   0  -1  -1   0  -1  -1  -1
   0  -1   0  -1  -1  -1   0   0
   0  -1  -1   0  -1  -1  -1   0
   5 105 105   5 101   1 101 101
   0  -1  -1   0  -1   0   0   0
 104  -1   0   0  -1  -1  -1   0
 104   0  -1  -1   0  -1   0  -1
 104  -1  -1  -1  -1   0   0   0
 104   2   0  -1  -1   0   0 103
  -1   2   0  -1   0  -1  -1 103
   0   2   0  -1  -1   0  -1   3
  -1   2   0  -1  -1  -1   0 103

MISS
      Hits:  12
    Misses:  43
Duplicates:  24
Boats Sunk:   1
   0   0  -1  -1   0  -1  -1  -1
   0  -1   0  -1  -1  -1   0   0
   0  -1  -1   0  -1  -1  -1   0
   5 105 105   5 101   1 101 101
   0  -1  -1   0  -1   0   0   0
 104  -1   0   0  -1  -1  -1   0
 104   0  -1  -1  -1  -1   0  -1
 104  -1  -1  -1  -1   0   0   0
 104   2   0  -1  -1   0   0 103
  -1   2   0  -1   0  -1  -1 103
   0   2   0  -1  -1   0  -1   3
  -1   2   0  -1  -1  -1   0 103

MISS
      Hits:  12
    Misses:  44
Duplicates:  26
Boats Sunk:   1
   0   0  -1  -1   0  -1  -1  -1
  -1  -1   0  -1  -1  -1   0   0
   0  -1  -1   0  -1  -1  -1   0
   5 105 105   5 101   1 101 101
   0  -1  -1   0  -1   0   0   0
 104  -1   0   0  -1  -1  -1   0
 104   0  -1  -1  -1  -1   0  -1
 104  -1  -1  -1  -1   0   0   0
 104   2   0  -1  -1   0   0 103
  -1   2   0  -1   0  -1  -1 103
   0   2   0  -1  -1   0  -1   3
  -1   2   0  -1  -1  -1   0 103

MISS
      Hits:  12
    Misses:  45
Duplicates:  28
Boats Sunk:   1
  -1   0  -1  -1   0  -1  -1  -1
  -1  -1   0  -1  -1  -1   0   0
   0  -1  -1   0  -1  -1  -1   0
   5 105 105   5 101   1 101 101
   0  -1  -1   0  -1   0   0   0
 104  -1   0   0  -1  -1  -1   0
 104   0  -1  -1  -1  -1   0  -1
 104  -1  -1  -1  -1   0   0   0
 104   2   0  -1  -1   0   0 103
  -1   2   0  -1   0  -1  -1 103
   0   2   0  -1  -1   0  -1   3
  -1   2   0  -1  -1  -1   0 103

MISS
      Hits:  12
    Misses:  46
Duplicates:  28
Boats Sunk:   1
  -1   0  -1  -1   0  -1  -1  -1
  -1  -1   0  -1  -1  -1   0   0
   0  -1  -1   0  -1  -1  -1   0
   5 105 105   5 101   1 101 101
   0  -1  -1   0  -1   0   0   0
 104  -1   0   0  -1  -1  -1   0
 104   0  -1  -1  -1  -1   0  -1
 104  -1  -1  -1  -1   0   0   0
 104   2   0  -1  -1  -1   0 103
  -1   2   0  -1   0  -1  -1 103
   0   2   0  -1  -1   0  -1   3
  -1   2   0  -1  -1  -1   0 103

MISS
      Hits:  12
    Misses:  47
Duplicates:  28
Boats Sunk:   1
  -1   0  -1  -1   0  -1  -1  -1
  -1  -1   0  -1  -1  -1   0   0
   0  -1  -1   0  -1  -1  -1   0
   5 105 105   5 101   1 101 101
   0  -1  -1   0  -1   0   0   0
 104  -1   0   0  -1  -1  -1   0
 104   0  -1  -1  -1  -1   0  -1
 104  -1  -1  -1  -1   0   0   0
 104   2   0  -1  -1  -1   0 103
  -1   2   0  -1  -1  -1  -1 103
   0   2   0  -1  -1   0  -1   3
  -1   2   0  -1  -1  -1   0 103

MISS
      Hits:  12
    Misses:  48
Duplicates:  30
Boats Sunk:   1
  -1   0  -1  -1   0  -1  -1  -1
  -1  -1   0  -1  -1  -1   0   0
   0  -1  -1   0  -1  -1  -1  -1
   5 105 105   5 101   1 101 101
   0  -1  -1   0  -1   0   0   0
 104  -1   0   0  -1  -1  -1   0
 104   0  -1  -1  -1  -1   0  -1
 104  -1  -1  -1  -1   0   0   0
 104   2   0  -1  -1  -1   0 103
  -1   2   0  -1  -1  -1  -1 103
   0   2   0  -1  -1   0  -1   3
  -1   2   0  -1  -1  -1   0 103

MISS
      Hits:  12
    Misses:  49
Duplicates:  32
Boats Sunk:   1
  -1   0  -1  -1   0  -1  -1  -1
  -1  -1   0  -1  -1  -1   0   0
   0  -1  -1   0  -1  -1  -1  -1
   5 105 105   5 101   1 101 101
   0  -1  -1   0  -1   0   0   0
 104  -1   0   0  -1  -1  -1   0
 104   0  -1  -1  -1  -1   0  -1
 104  -1  -1  -1  -1   0   0   0
 104   2   0  -1  -1  -1   0 103
  -1   2   0  -1  -1  -1  -1 103
   0   2  -1  -1  -1   0  -1   3
  -1   2   0  -1  -1  -1   0 103

HIT
      Hits:  13
    Misses:  49
Duplicates:  40
Boats Sunk:   1
  -1   0  -1  -1   0  -1  -1  -1
  -1  -1   0  -1  -1  -1   0   0
   0  -1  -1   0  -1  -1  -1  -1
   5 105 105   5 101   1 101 101
   0  -1  -1   0  -1   0   0   0
 104  -1   0   0  -1  -1  -1   0
 104   0  -1  -1  -1  -1   0  -1
 104  -1  -1  -1  -1   0   0   0
 104   2   0  -1  -1  -1   0 103
  -1 102   0  -1  -1  -1  -1 103
   0   2  -1  -1  -1   0  -1   3
  -1   2   0  -1  -1  -1   0 103

HIT
      Hits:  14
    Misses:  49
Duplicates:  41
Boats Sunk:   1
  -1   0  -1  -1   0  -1  -1  -1
  -1  -1   0  -1  -1  -1   0   0
   0  -1  -1   0  -1  -1  -1  -1
   5 105 105   5 101   1 101 101
   0  -1  -1   0  -1   0   0   0
 104  -1   0   0  -1  -1  -1   0
 104   0  -1  -1  -1  -1   0  -1
 104  -1  -1  -1  -1   0   0   0
 104   2   0  -1  -1  -1   0 103
  -1 102   0  -1  -1  -1  -1 103
   0   2  -1  -1  -1   0  -1   3
  -1 102   0  -1  -1  -1   0 103

MISS
      Hits:  14
    Misses:  50
Duplicates:  42
Boats Sunk:   1
  -1   0  -1  -1   0  -1  -1  -1
  -1  -1   0  -1  -1  -1   0   0
   0  -1  -1   0  -1  -1  -1  -1
   5 105 105   5 101   1 101 101
   0  -1  -1   0  -1   0   0   0
 104  -1   0   0  -1  -1  -1   0
 104   0  -1  -1  -1  -1   0  -1
 104  -1  -1  -1  -1   0   0   0
 104   2  -1  -1  -1  -1   0 103
  -1 102   0  -1  -1  -1  -1 103
   0   2  -1  -1  -1   0  -1   3
  -1 102   0  -1  -1  -1   0 103

MISS
      Hits:  14
    Misses:  51
Duplicates:  42
Boats Sunk:   1
  -1   0  -1  -1   0  -1  -1  -1
  -1  -1   0  -1  -1  -1   0   0
   0  -1  -1   0  -1  -1  -1  -1
   5 105 105   5 101   1 101 101
   0  -1  -1   0  -1   0   0   0
 104  -1   0   0  -1  -1  -1   0
 104   0  -1  -1  -1  -1   0  -1
 104  -1  -1  -1  -1   0   0   0
 104   2  -1  -1  -1  -1   0 103
  -1 102   0  -1  -1  -1  -1 103
   0   2  -1  -1  -1   0  -1   3
  -1 102  -1  -1  -1  -1   0 103

MISS
      Hits:  14
    Misses:  52
Duplicates:  42
Boats Sunk:   1
  -1   0  -1  -1   0  -1  -1  -1
  -1  -1   0  -1  -1  -1   0   0
   0  -1  -1   0  -1  -1  -1  -1
   5 105 105   5 101   1 101 101
   0  -1  -1   0  -1   0   0   0
 104  -1   0   0  -1  -1  -1   0
 104   0  -1  -1  -1  -1   0  -1
 104  -1  -1  -1  -1   0   0   0
 104   2  -1  -1  -1  -1   0 103
  -1 102  -1  -1  -1  -1  -1 103
   0   2  -1  -1  -1   0  -1   3
  -1 102  -1  -1  -1  -1   0 103

MISS
      Hits:  14
    Misses:  53
Duplicates:  43
Boats Sunk:   1
  -1   0  -1  -1   0  -1  -1  -1
  -1  -1   0  -1  -1  -1   0   0
  -1  -1  -1   0  -1  -1  -1  -1
   5 105 105   5 101   1 101 101
   0  -1  -1   0  -1   0   0   0
 104  -1   0   0  -1  -1  -1   0
 104   0  -1  -1  -1  -1   0  -1
 104  -1  -1  -1  -1   0   0   0
 104   2  -1  -1  -1  -1   0 103
  -1 102  -1  -1  -1  -1  -1 103
   0   2  -1  -1  -1   0  -1   3
  -1 102  -1  -1  -1  -1   0 103

MISS
      Hits:  14
    Misses:  54
Duplicates:  43
Boats Sunk:   1
  -1   0  -1  -1   0  -1  -1  -1
  -1  -1   0  -1  -1  -1   0   0
  -1  -1  -1   0  -1  -1  -1  -1
   5 105 105   5 101   1 101 101
   0  -1  -1   0  -1   0   0   0
 104  -1   0   0  -1  -1  -1   0
 104   0  -1  -1  -1  -1   0  -1
 104  -1  -1  -1  -1   0   0  -1
 104   2  -1  -1  -1  -1   0 103
  -1 102  -1  -1  -1  -1  -1 103
   0   2  -1  -1  -1   0  -1   3
  -1 102  -1  -1  -1  -1   0 103

MISS
      Hits:  14
    Misses:  55
Duplicates:  45
Boats Sunk:   1
  -1   0  -1  -1   0  -1  -1  -1
  -1  -1   0  -1  -1  -1  -1   0
  -1  -1  -1   0  -1  -1  -1  -1
   5 105 105   5 101   1 101 101
   0  -1  -1   0  -1   0   0   0
 104  -1   0   0  -1  -1  -1   0
 104   0  -1  -1  -1  -1   0  -1
 104  -1  -1  -1  -1   0   0  -1
 104   2  -1  -1  -1  -1   0 103
  -1 102  -1  -1  -1  -1  -1 103
   0   2  -1  -1  -1   0  -1   3
  -1 102  -1  -1  -1  -1   0 103

HIT
      Hits:  15
    Misses:  55
Duplicates:  45
Boats Sunk:   1
  -1   0  -1  -1   0  -1  -1  -1
  -1  -1   0  -1  -1  -1  -1   0
  -1  -1  -1   0  -1  -1  -1  -1
   5 105 105   5 101   1 101 101
   0  -1  -1   0  -1   0   0   0
 104  -1   0   0  -1  -1  -1   0
 104   0  -1  -1  -1  -1   0  -1
 104  -1  -1  -1  -1   0   0  -1
 104 102  -1  -1  -1  -1   0 103
  -1 102  -1  -1  -1  -1  -1 103
   0   2  -1  -1  -1   0  -1   3
  -1 102  -1  -1  -1  -1   0 103

MISS
      Hits:  15
    Misses:  56
Duplicates:  49
Boats Sunk:   1
  -1   0  -1  -1   0  -1  -1  -1
  -1  -1   0  -1  -1  -1  -1   0
  -1  -1  -1   0  -1  -1  -1  -1
   5 105 105   5 101   1 101 101
   0  -1  -1   0  -1   0   0   0
 104  -1   0  -1  -1  -1  -1   0
 104   0  -1  -1  -1  -1   0  -1
 104  -1  -1  -1  -1   0   0  -1
 104 102  -1  -1  -1  -1   0 103
  -1 102  -1  -1  -1  -1  -1 103
   0   2  -1  -1  -1   0  -1   3
  -1 102  -1  -1  -1  -1   0 103

HIT
      Hits:  16
    Misses:  56
Duplicates:  51
Boats Sunk:   1
  -1   0  -1  -1   0  -1  -1  -1
  -1  -1   0  -1  -1  -1  -1   0
  -1  -1  -1   0  -1  -1  -1  -1
   5 105 105 105 101   1 101 101
   0  -1  -1   0  -1   0   0   0
 104  -1   0  -1  -1  -1  -1   0
 104   0  -1  -1  -1  -1   0  -1
 104  -1  -1  -1  -1   0   0  -1
 104 102  -1  -1  -1  -1   0 103
  -1 102  -1  -1  -1  -1  -1 103
   0   2  -1  -1  -1   0  -1   3
  -1 102  -1  -1  -1  -1   0 103

MISS
      Hits:  16
    Misses:  57
Duplicates:  55
Boats Sunk:   1
  -1   0  -1  -1   0  -1  -1  -1
  -1  -1   0  -1  -1  -1  -1   0
  -1  -1  -1   0  -1  -1  -1  -1
   5 105 105 105 101   1 101 101
   0  -1  -1   0  -1   0  -1   0
 104  -1   0  -1  -1  -1  -1   0
 104   0  -1  -1  -1  -1   0  -1
 104  -1  -1  -1  -1   0   0  -1
 104 102  -1  -1  -1  -1   0 103
  -1 102  -1  -1  -1  -1  -1 103
   0   2  -1  -1  -1   0  -1   3
  -1 102  -1  -1  -1  -1   0 103

MISS
      Hits:  16
    Misses:  58
Duplicates:  59
Boats Sunk:   1
  -1   0  -1  -1   0  -1  -1  -1
  -1  -1   0  -1  -1  -1  -1   0
  -1  -1  -1   0  -1  -1  -1  -1
   5 105 105 105 101   1 101 101
   0  -1  -1   0  -1   0  -1   0
 104  -1  -1  -1  -1  -1  -1   0
 104   0  -1  -1  -1  -1   0  -1
 104  -1  -1  -1  -1   0   0  -1
 104 102  -1  -1  -1  -1   0 103
  -1 102  -1  -1  -1  -1  -1 103
   0   2  -1  -1  -1   0  -1   3
  -1 102  -1  -1  -1  -1   0 103

MISS
      Hits:  16
    Misses:  59
Duplicates:  62
Boats Sunk:   1
  -1   0  -1  -1   0  -1  -1  -1
  -1  -1   0  -1  -1  -1  -1   0
  -1  -1  -1   0  -1  -1  -1  -1
   5 105 105 105 101   1 101 101
   0  -1  -1   0  -1   0  -1   0
 104  -1  -1  -1  -1  -1  -1   0
 104   0  -1  -1  -1  -1   0  -1
 104  -1  -1  -1  -1   0   0  -1
 104 102  -1  -1  -1  -1  -1 103
  -1 102  -1  -1  -1  -1  -1 103
   0   2  -1  -1  -1   0  -1   3
  -1 102  -1  -1  -1  -1   0 103

MISS
      Hits:  16
    Misses:  60
Duplicates:  65
Boats Sunk:   1
  -1   0  -1  -1   0  -1  -1  -1
  -1  -1   0  -1  -1  -1  -1   0
  -1  -1  -1   0  -1  -1  -1  -1
   5 105 105 105 101   1 101 101
   0  -1  -1   0  -1   0  -1   0
 104  -1  -1  -1  -1  -1  -1  -1
 104   0  -1  -1  -1  -1   0  -1
 104  -1  -1  -1  -1   0   0  -1
 104 102  -1  -1  -1  -1  -1 103
  -1 102  -1  -1  -1  -1  -1 103
   0   2  -1  -1  -1   0  -1   3
  -1 102  -1  -1  -1  -1   0 103

SUNK
      Hits:  17
    Misses:  60
Duplicates:  65
Boats Sunk:   2
  -1   0  -1  -1   0  -1  -1  -1
  -1  -1   0  -1  -1  -1  -1   0
  -1  -1  -1   0  -1  -1  -1  -1
   5 105 105 105 101   1 101 101
   0  -1  -1   0  -1   0  -1   0
 104  -1  -1  -1  -1  -1  -1  -1
 104   0  -1  -1  -1  -1   0  -1
 104  -1  -1  -1  -1   0   0  -1
 104 102  -1  -1  -1  -1  -1 103
  -1 102  -1  -1  -1  -1  -1 103
   0 102  -1  -1  -1   0  -1   3
  -1 102  -1  -1  -1  -1   0 103

MISS
      Hits:  17
    Misses:  61
Duplicates:  67
Boats Sunk:   2
  -1   0  -1  -1   0  -1  -1  -1
  -1  -1   0  -1  -1  -1  -1   0
  -1  -1  -1   0  -1  -1  -1  -1
   5 105 105 105 101   1 101 101
   0  -1  -1   0  -1   0  -1   0
 104  -1  -1  -1  -1  -1  -1  -1
 104   0  -1  -1  -1  -1   0  -1
 104  -1  -1  -1  -1   0   0  -1
 104 102  -1  -1  -1  -1  -1 103
  -1 102  -1  -1  -1  -1  -1 103
   0 102  -1  -1  -1   0  -1   3
  -1 102  -1  -1  -1  -1  -1 103

SUNK
      Hits:  18
    Misses:  61
Duplicates:  68
Boats Sunk:   3
  -1   0  -1  -1   0  -1  -1  -1
  -1  -1   0  -1  -1  -1  -1   0
  -1  -1  -1   0  -1  -1  -1  -1
 105 105 105 105 101   1 101 101
   0  -1  -1   0  -1   0  -1   0
 104  -1  -1  -1  -1  -1  -1  -1
 104   0  -1  -1  -1  -1   0  -1
 104  -1  -1  -1  -1   0   0  -1
 104 102  -1  -1  -1  -1  -1 103
  -1 102  -1  -1  -1  -1  -1 103
   0 102  -1  -1  -1   0  -1   3
  -1 102  -1  -1  -1  -1  -1 103

MISS
      Hits:  18
    Misses:  62
Duplicates:  70
Boats Sunk:   3
  -1   0  -1  -1   0  -1  -1  -1
  -1  -1   0  -1  -1  -1  -1  -1
  -1  -1  -1   0  -1  -1  -1  -1
 105 105 105 105 101   1 101 101
   0  -1  -1   0  -1   0  -1   0
 104  -1  -1  -1  -1  -1  -1  -1
 104   0  -1  -1  -1  -1   0  -1
 104  -1  -1  -1  -1   0   0  -1
 104 102  -1  -1  -1  -1  -1 103
  -1 102  -1  -1  -1  -1  -1 103
   0 102  -1  -1  -1   0  -1   3
  -1 102  -1  -1  -1  -1  -1 103

MISS
      Hits:  18
    Misses:  63
Duplicates:  73
Boats Sunk:   3
  -1   0  -1  -1   0  -1  -1  -1
  -1  -1   0  -1  -1  -1  -1  -1
  -1  -1  -1   0  -1  -1  -1  -1
 105 105 105 105 101   1 101 101
   0  -1  -1   0  -1   0  -1   0
 104  -1  -1  -1  -1  -1  -1  -1
 104  -1  -1  -1  -1  -1   0  -1
 104  -1  -1  -1  -1   0   0  -1
 104 102  -1  -1  -1  -1  -1 103
  -1 102  -1  -1  -1  -1  -1 103
   0 102  -1  -1  -1   0  -1   3
  -1 102  -1  -1  -1  -1  -1 103

MISS
      Hits:  18
    Misses:  64
Duplicates:  82
Boats Sunk:   3
  -1   0  -1  -1   0  -1  -1  -1
  -1  -1   0  -1  -1  -1  -1  -1
  -1  -1  -1   0  -1  -1  -1  -1
 105 105 105 105 101   1 101 101
   0  -1  -1   0  -1   0  -1   0
 104  -1  -1  -1  -1  -1  -1  -1
 104  -1  -1  -1  -1  -1  -1  -1
 104  -1  -1  -1  -1   0   0  -1
 104 102  -1  -1  -1  -1  -1 103
  -1 102  -1  -1  -1  -1  -1 103
   0 102  -1  -1  -1   0  -1   3
  -1 102  -1  -1  -1  -1  -1 103

MISS
      Hits:  18
    Misses:  65
Duplicates:  85
Boats Sunk:   3
  -1   0  -1  -1  -1  -1  -1  -1
  -1  -1   0  -1  -1  -1  -1  -1
  -1  -1  -1   0  -1  -1  -1  -1
 105 105 105 105 101   1 101 101
   0  -1  -1   0  -1   0  -1   0
 104  -1  -1  -1  -1  -1  -1  -1
 104  -1  -1  -1  -1  -1  -1  -1
 104  -1  -1  -1  -1   0   0  -1
 104 102  -1  -1  -1  -1  -1 103
  -1 102  -1  -1  -1  -1  -1 103
   0 102  -1  -1  -1   0  -1   3
  -1 102  -1  -1  -1  -1  -1 103

MISS
      Hits:  18
    Misses:  66
Duplicates:  88
Boats Sunk:   3
  -1   0  -1  -1  -1  -1  -1  -1
  -1  -1   0  -1  -1  -1  -1  -1
  -1  -1  -1   0  -1  -1  -1  -1
 105 105 105 105 101   1 101 101
  -1  -1  -1   0  -1   0  -1   0
 104  -1  -1  -1  -1  -1  -1  -1
 104  -1  -1  -1  -1  -1  -1  -1
 104  -1  -1  -1  -1   0   0  -1
 104 102  -1  -1  -1  -1  -1 103
  -1 102  -1  -1  -1  -1  -1 103
   0 102  -1  -1  -1   0  -1   3
  -1 102  -1  -1  -1  -1  -1 103

MISS
      Hits:  18
    Misses:  67
Duplicates:  96
Boats Sunk:   3
  -1   0  -1  -1  -1  -1  -1  -1
  -1  -1   0  -1  -1  -1  -1  -1
  -1  -1  -1  -1  -1  -1  -1  -1
 105 105 105 105 101   1 101 101
  -1  -1  -1   0  -1   0  -1   0
 104  -1  -1  -1  -1  -1  -1  -1
 104  -1  -1  -1  -1  -1  -1  -1
 104  -1  -1  -1  -1   0   0  -1
 104 102  -1  -1  -1  -1  -1 103
  -1 102  -1  -1  -1  -1  -1 103
   0 102  -1  -1  -1   0  -1   3
  -1 102  -1  -1  -1  -1  -1 103

MISS
      Hits:  18
    Misses:  68
Duplicates: 120
Boats Sunk:   3
  -1   0  -1  -1  -1  -1  -1  -1
  -1  -1   0  -1  -1  -1  -1  -1
  -1  -1  -1  -1  -1  -1  -1  -1
 105 105 105 105 101   1 101 101
  -1  -1  -1   0  -1   0  -1  -1
 104  -1  -1  -1  -1  -1  -1  -1
 104  -1  -1  -1  -1  -1  -1  -1
 104  -1  -1  -1  -1   0   0  -1
 104 102  -1  -1  -1  -1  -1 103
  -1 102  -1  -1  -1  -1  -1 103
   0 102  -1  -1  -1   0  -1   3
  -1 102  -1  -1  -1  -1  -1 103

MISS
      Hits:  18
    Misses:  69
Duplicates: 120
Boats Sunk:   3
  -1   0  -1  -1  -1  -1  -1  -1
  -1  -1   0  -1  -1  -1  -1  -1
  -1  -1  -1  -1  -1  -1  -1  -1
 105 105 105 105 101   1 101 101
  -1  -1  -1  -1  -1   0  -1  -1
 104  -1  -1  -1  -1  -1  -1  -1
 104  -1  -1  -1  -1  -1  -1  -1
 104  -1  -1  -1  -1   0   0  -1
 104 102  -1  -1  -1  -1  -1 103
  -1 102  -1  -1  -1  -1  -1 103
   0 102  -1  -1  -1   0  -1   3
  -1 102  -1  -1  -1  -1  -1 103

MISS
      Hits:  18
    Misses:  70
Duplicates: 123
Boats Sunk:   3
  -1   0  -1  -1  -1  -1  -1  -1
  -1  -1   0  -1  -1  -1  -1  -1
  -1  -1  -1  -1  -1  -1  -1  -1
 105 105 105 105 101   1 101 101
  -1  -1  -1  -1  -1  -1  -1  -1
 104  -1  -1  -1  -1  -1  -1  -1
 104  -1  -1  -1  -1  -1  -1  -1
 104  -1  -1  -1  -1   0   0  -1
 104 102  -1  -1  -1  -1  -1 103
  -1 102  -1  -1  -1  -1  -1 103
   0 102  -1  -1  -1   0  -1   3
  -1 102  -1  -1  -1  -1  -1 103

MISS
      Hits:  18
    Misses:  71
Duplicates: 127
Boats Sunk:   3
  -1   0  -1  -1  -1  -1  -1  -1
  -1  -1   0  -1  -1  -1  -1  -1
  -1  -1  -1  -1  -1  -1  -1  -1
 105 105 105 105 101   1 101 101
  -1  -1  -1  -1  -1  -1  -1  -1
 104  -1  -1  -1  -1  -1  -1  -1
 104  -1  -1  -1  -1  -1  -1  -1
 104  -1  -1  -1  -1  -1   0  -1
 104 102  -1  -1  -1  -1  -1 103
  -1 102  -1  -1  -1  -1  -1 103
   0 102  -1  -1  -1   0  -1   3
  -1 102  -1  -1  -1  -1  -1 103

SUNK
      Hits:  19
    Misses:  71
Duplicates: 128
Boats Sunk:   4
  -1   0  -1  -1  -1  -1  -1  -1
  -1  -1   0  -1  -1  -1  -1  -1
  -1  -1  -1  -1  -1  -1  -1  -1
 105 105 105 105 101 101 101 101
  -1  -1  -1  -1  -1  -1  -1  -1
 104  -1  -1  -1  -1  -1  -1  -1
 104  -1  -1  -1  -1  -1  -1  -1
 104  -1  -1  -1  -1  -1   0  -1
 104 102  -1  -1  -1  -1  -1 103
  -1 102  -1  -1  -1  -1  -1 103
   0 102  -1  -1  -1   0  -1   3
  -1 102  -1  -1  -1  -1  -1 103

MISS
      Hits:  19
    Misses:  72
Duplicates: 128
Boats Sunk:   4
  -1   0  -1  -1  -1  -1  -1  -1
  -1  -1   0  -1  -1  -1  -1  -1
  -1  -1  -1  -1  -1  -1  -1  -1
 105 105 105 105 101 101 101 101
  -1  -1  -1  -1  -1  -1  -1  -1
 104  -1  -1  -1  -1  -1  -1  -1
 104  -1  -1  -1  -1  -1  -1  -1
 104  -1  -1  -1  -1  -1  -1  -1
 104 102  -1  -1  -1  -1  -1 103
  -1 102  -1  -1  -1  -1  -1 103
   0 102  -1  -1  -1   0  -1   3
  -1 102  -1  -1  -1  -1  -1 103

MISS
      Hits:  19
    Misses:  73
Duplicates: 135
Boats Sunk:   4
  -1   0  -1  -1  -1  -1  -1  -1
  -1  -1   0  -1  -1  -1  -1  -1
  -1  -1  -1  -1  -1  -1  -1  -1
 105 105 105 105 101 101 101 101
  -1  -1  -1  -1  -1  -1  -1  -1
 104  -1  -1  -1  -1  -1  -1  -1
 104  -1  -1  -1  -1  -1  -1  -1
 104  -1  -1  -1  -1  -1  -1  -1
 104 102  -1  -1  -1  -1  -1 103
  -1 102  -1  -1  -1  -1  -1 103
   0 102  -1  -1  -1  -1  -1   3
  -1 102  -1  -1  -1  -1  -1 103

MISS
      Hits:  19
    Misses:  74
Duplicates: 144
Boats Sunk:   4
  -1  -1  -1  -1  -1  -1  -1  -1
  -1  -1   0  -1  -1  -1  -1  -1
  -1  -1  -1  -1  -1  -1  -1  -1
 105 105 105 105 101 101 101 101
  -1  -1  -1  -1  -1  -1  -1  -1
 104  -1  -1  -1  -1  -1  -1  -1
 104  -1  -1  -1  -1  -1  -1  -1
 104  -1  -1  -1  -1  -1  -1  -1
 104 102  -1  -1  -1  -1  -1 103
  -1 102  -1  -1  -1  -1  -1 103
   0 102  -1  -1  -1  -1  -1   3
  -1 102  -1  -1  -1  -1  -1 103

MISS
      Hits:  19
    Misses:  75
Duplicates: 170
Boats Sunk:   4
  -1  -1  -1  -1  -1  -1  -1  -1
  -1  -1  -1  -1  -1  -1  -1  -1
  -1  -1  -1  -1  -1  -1  -1  -1
 105 105 105 105 101 101 101 101
  -1  -1  -1  -1  -1  -1  -1  -1
 104  -1  -1  -1  -1  -1  -1  -1
 104  -1  -1  -1  -1  -1  -1  -1
 104  -1  -1  -1  -1  -1  -1  -1
 104 102  -1  -1  -1  -1  -1 103
  -1 102  -1  -1  -1  -1  -1 103
   0 102  -1  -1  -1  -1  -1   3
  -1 102  -1  -1  -1  -1  -1 103

SUNK
      Hits:  20
    Misses:  75
Duplicates: 224
Boats Sunk:   5
  -1  -1  -1  -1  -1  -1  -1  -1
  -1  -1  -1  -1  -1  -1  -1  -1
  -1  -1  -1  -1  -1  -1  -1  -1
 105 105 105 105 101 101 101 101
  -1  -1  -1  -1  -1  -1  -1  -1
 104  -1  -1  -1  -1  -1  -1  -1
 104  -1  -1  -1  -1  -1  -1  -1
 104  -1  -1  -1  -1  -1  -1  -1
 104 102  -1  -1  -1  -1  -1 103
  -1 102  -1  -1  -1  -1  -1 103
   0 102  -1  -1  -1  -1  -1 103
  -1 102  -1  -1  -1  -1  -1 103

Final board:
      Hits:  20
    Misses:  75
Duplicates: 224
Boats Sunk:   5
  -1  -1  -1  -1  -1  -1  -1  -1
  -1  -1  -1  -1  -1  -1  -1  -1
  -1  -1  -1  -1  -1  -1  -1  -1
 105 105 105 105 101 101 101 101
  -1  -1  -1  -1  -1  -1  -1  -1
 104  -1  -1  -1  -1  -1  -1  -1
 104  -1  -1  -1  -1  -1  -1  -1
 104  -1  -1  -1  -1  -1  -1  -1
 104 102  -1  -1  -1  -1  -1 103
  -1 102  -1  -1  -1  -1  -1 103
   0 102  -1  -1  -1  -1  -1 103
  -1 102  -1  -1  -1  -1  -1 103

