Boats placed:
   0   0   0   0   0   0   0   0
   0   0   0   0   0   0   0   0
   0   0   0   0   0   0   0   0
   5   5   5   5   1   1   1   1
   0   0   0   0   0   0   0   0
   4   0   0   0   0   0   0   0
   4   0   0   0   0   0   0   0
   4   0   0   0   0   0   0   0
   4   2   0   0   0   0   0   3
   0   2   0   0   0   0   0   3
   0   2   0   0   0   0   0   3
   0   2   0   0   0   0   0   3

SUNK
      Hits:  11
    Misses:  40
Duplicates:  22
Boats Sunk:   1
   0   0  -1  -1   0  -1  -1  -1
   0  -1   0  -1  -1  -1   0   0
   0  -1  -1   0  -1  -1  -1   0
   5   5 105   5 101   1 101 101
   0   0  -1   0  -1   0   0   0
 104   0   0   0  -1  -1  -1   0
 104   0  -1  -1   0  -1   0  -1
 104  -1  -1  -1  -1   0   0   0
 104   2   0  -1  -1   0   0 103
  -1   2   0  -1   0  -1  -1 103
   0   2   0  -1  -1   0  -1   3
  -1   2   0  -1  -1  -1   0 103

SUNK
      Hits:  17
    Misses:  60
Duplicates:  65
Boats Sunk:   2
  -1   0  -1  -1   0  -1  -1  -1
  -1  -1   0  -1  -1  -1  -1   0
  -1  -1  -1   0  -1  -1  -1  -1
   5 105 105 105 101   1 101 101
   0  -1  -1   0  -1   0  -1   0
 104  -1  -1  -1  -1  -1  -1  -1
 104   0  -1  -1  -1  -1   0  -1
 104  -1  -1  -1  -1   0   0  -1
 104 102  -1  -1  -1  -1  -1 103
  -1 102  -1  -1  -1  -1  -1 103
   0 102  -1  -1  -1   0  -1   3
  -1 102  -1  -1  -1  -1   0 103

SUNK
      Hits:  18
    Misses:  61
Duplicates:  68
Boats Sunk:   3
  -1   0  -1  -1   0  -1  -1  -1
  -1  -1   0  -1  -1  -1  -1   0
  -1  -1  -1   0  -1  -1  -1  -1
 105 105 105 105 101   1 101 101
   0  -1  -1   0  -1   0  -1   0
 104  -1  -1  -1  -1  -1  -1  -1
 104   0  -1  -1  -1  -1   0  -1
 104  -1  -1  -1  -1   0   0  -1
 104 102  -1  -1  -1  -1  -1 103
  -1 102  -1  -1  -1  -1  -1 103
   0 102  -1  -1  -1   0  -1   3
  -1 102  -1  -1  -1  -1  -1 103

SUNK
      Hits:  19
    Misses:  71
Duplicates: 128
Boats Sunk:   4
  -1   0  -1  -1  -1  -1  -1  -1
  -1  -1   0  -1  -1  -1  -1  -1
  -1  -1  -1  -1  -1  -1  -1  -1
 105 105 105 105 101 101 101 101
  -1  -1  -1  -1  -1  -1  -1  -1
 104  -1  -1  -1  -1  -1  -1  -1
 104  -1  -1  -1  -1  -1  -1  -1
 104  -1  -1  -1  -1  -1   0  -1
 104 102  -1  -1  -1  -1  -1 103
  -1 102  -1  -1  -1  -1  -1 103
   0 102  -1  -1  -1   0  -1   3
  -1 102  -1  -1  -1  -1  -1 103

SUNK
      Hits:  20
    Misses:  75
Duplicates: 224
Boats Sunk:   5
  -1  -1  -1  -1  -1  -1  -1  -1
  -1  -1  -1  -1  -1  -1  -1  -1
  -1  -1  -1  -1  -1  -1  -1  -1
 105 105 105 105 101 101 101 101
  -1  -1  -1  -1  -1  -1  -1  -1
 104  -1  -1  -1  -1  -1  -1  -1
 104  -1  -1  -1  -1  -1  -1  -1
 104  -1  -1  -1  -1  -1  -1  -1
 104 102  -1  -1  -1  -1  -1 103
  -1 102  -1  -1  -1  -1  -1 103
   0 102  -1  -1  -1  -1  -1 103
  -1 102  -1  -1  -1  -1  -1 103

Final board:
      Hits:  20
    Misses:  75
Duplicates: 224
Boats Sunk:   5
  -1  -1  -1  -1  -1  -1  -1  -1
  -1  -1  -1  -1  -1  -1  -1  -1
  -1  -1  -1  -1  -1  -1  -1  -1
 105 105 105 105 101 101 101 101
  -1  -1  -1  -1  -1  -1  -1  -1
 104  -1  -1  -1  -1  -1  -1  -1
 104  -1  -1  -1  -1  -1  -1  -1
 104  -1  -1  -1  -1  -1  -1  -1
 104 102  -1  -1  -1  -1  -1 103
  -1 102  -1  -1  -1  -1  -1 103
   0 102  -1  -1  -1  -1  -1 103
  -1 102  -1  -1  -1  -1  -1 103

