Boats placed:
   0   0   0   0   0   0   0   0   0   0
   0   0   0   0   0   0   0   0   5   0
   0   0   0   0   0   0   0   0   5   0
   0   0   0   0   0   0   0   0   5   0
   0   0   0   1   0   0   0   0   5   0
   0   0   0   1   3   3   3   3   0   0
   0   0   0   1   0   0   4   4   4   4
   0   0   0   1   0   0   2   2   2   2
   0   0   0   0   0   0   0   0   0   0
   0   0   0   0   0   0   0   0   0   0

SUNK
      Hits:  14
    Misses:  58
Duplicates:  51
Boats Sunk:   1
  -1  -1   0   0   0   0  -1   0  -1   0
  -1  -1  -1  -1  -1  -1   0  -1   5   0
  -1  -1  -1  -1  -1  -1  -1  -1 105   0
  -1  -1  -1  -1  -1  -1  -1  -1   5  -1
  -1  -1  -1 101   0  -1  -1   0 105   0
   0  -1  -1 101 103 103   3   3  -1  -1
  -1   0  -1 101  -1  -1 104 104 104   4
   0  -1   0   1  -1  -1 102 102 102 102
   0   0  -1  -1  -1   0  -1  -1   0  -1
   0  -1  -1  -1  -1  -1  -1  -1  -1   0

SUNK
      Hits:  15
    Misses:  58
Duplicates:  57
Boats Sunk:   2
  -1  -1   0   0   0   0  -1   0  -1   0
  -1  -1  -1  -1  -1  -1   0  -1   5   0
  -1  -1  -1  -1  -1  -1  -1  -1 105   0
  -1  -1  -1  -1  -1  -1  -1  -1   5  -1
  -1  -1  -1 101   0  -1  -1   0 105   0
   0  -1  -1 101 103 103   3   3  -1  -1
  -1   0  -1 101  -1  -1 104 104 104 104
   0  -1   0   1  -1  -1 102 102 102 102
   0   0  -1  -1  -1   0  -1  -1   0  -1
   0  -1  -1  -1  -1  -1  -1  -1  -1   0

SUNK
      Hits:  17
    Misses:  63
Duplicates:  87
Boats Sunk:   3
  -1  -1   0   0  -1   0  -1   0  -1   0
  -1  -1  -1  -1  -1  -1   0  -1   5  -1
  -1  -1  -1  -1  -1  -1  -1  -1 105   0
  -1  -1  -1  -1  -1  -1  -1  -1   5  -1
  -1  -1  -1 101   0  -1  -1   0 105   0
   0  -1  -1 101 103 103 103   3  -1  -1
  -1   0  -1 101  -1  -1 104 104 104 104
   0  -1  -1 101  -1  -1 102 102 102 102
   0   0  -1  -1  -1   0  -1  -1  -1  -1
   0  -1  -1  -1  -1  -1  -1  -1  -1  -1

SUNK
      Hits:  18
    Misses:  69
Duplicates:  99
Boats Sunk:   4
  -1  -1  -1  -1  -1  -1  -1   0  -1   0
  -1  -1  -1  -1  -1  -1   0  -1   5  -1
  -1  -1  -1  -1  -1  -1  -1  -1 105   0
  -1  -1  -1  -1  -1  -1  -1  -1   5  -1
  -1  -1  -1 101  -1  -1  -1   0 105   0
   0  -1  -1 101 103 103 103 103  -1  -1
  -1   0  -1 101  -1  -1 104 104 104 104
   0  -1  -1 101  -1  -1 102 102 102 102
  -1  -1  -1  -1  -1   0  -1  -1  -1  -1
   0  -1  -1  -1  -1  -1  -1  -1  -1  -1

SUNK
      Hits:  20
    Misses:  80
Duplicates: 525
Boats Sunk:   5
  -1  -1  -1  -1  -1  -1  -1  -1  -1  -1
  -1  -1  -1  -1  -1  -1  -1  -1 105  -1
  -1  -1  -1  -1  -1  -1  -1  -1 105  -1
  -1  -1  -1  -1  -1  -1  -1  -1 105  -1
  -1  -1  -1 101  -1  -1  -1  -1 105  -1
  -1  -1  -1 101 103 103 103 103  -1  -1
  -1  -1  -1 101  -1  -1 104 104 104 104
  -1  -1  -1 101  -1  -1 102 102 102 102
  -1  -1  -1  -1  -1  -1  -1  -1  -1  -1
  -1  -1  -1  -1  -1  -1  -1  -1  -1  -1

Final board:
      Hits:  20
    Misses:  80
Duplicates: 525
Boats Sunk:   5
  -1  -1  -1  -1  -1  -1  -1  -1  -1  -1
  -1  -1  -1  -1  -1  -1  -1  -1 105  -1
  -1  -1  -1  -1  -1  -1  -1  -1 105  -1
  -1  -1  -1  -1  -1  -1  -1  -1 105  -1
  -1  -1  -1 101  -1  -1  -1  -1 105  -1
  -1  -1  -1 101 103 103 103 103  -1  -1
  -1  -1  -1 101  -1  -1 104 104 104 104
  -1  -1  -1 101  -1  -1 102 102 102 102
  -1  -1  -1  -1  -1  -1  -1  -1  -1  -1
  -1  -1  -1  -1  -1  -1  -1  -1  -1  -1

