The oceans are the same.
   0   0   0   0   0   6   0   0   0  15  15  15  15  15  15   0   0   0   9   9   9   0   0  14  14  14   0
   0   0   0   0   6   0   0   0   0   0   0   0   0   0   0   0   3   0   0   0   0   0   0   0   0   0   0
   0   0   0   6   0   0   0   7   0   0   0   0   0   0   8   0   3   0   0   0   0   0   0   0   0   4   0
   0   0   6   0   0   0   0   0   7   0   0   0   0   8   0   0   3   0   0   0   0   0   5   0   0   4   0
   0   6   0   0   0   2   0   0   0   7   0   0   8   0   0   0   3   0   0   0  10   0   5   0   0   4   0
   0   0   0   0   2   0   0  12   0   0   7   0   0   0   0   0   3   0   0  10   0   0   5   0   0   4   0
   0   0   0   2   0   0   0   0  12   0   0   7   0   0   0   0   3   0  10   0   0   0   5   0   0   4   0
   0   0   2   0   0   0   0   0   0  12   0   0   0   0   0   0   3   0   0   0   0   0   0   0   0   4   0
   0   2   0   0   0   0   0   0   0   0  12   0   0   0   0   0   0   0   0   0   0  11   0   0   0   4   0
   0   0   0   0   0   0  13  13  13   0   0  12   0   0   1   1   1   1   0   0   0  11   0   0   0   0   0
   0   0   0   0   0   0   0   0   0   0   0   0   0   0   0   0   0   0   0   0   0  11   0  16  16  16  16
-----------------------------------
   0   0   0   0   0   6   0   0   0  15  15  15  15  15  15   0   0   0   9   9   9   0   0  14  14  14   0
   0   0   0   0   6   0   0   0   0   0   0   0   0   0   0   0   3   0   0   0   0   0   0   0   0   0   0
   0   0   0   6   0   0   0   7   0   0   0   0   0   0   8   0   3   0   0   0   0   0   0   0   0   4   0
   0   0   6   0   0   0   0   0   7   0   0   0   0   8   0   0   3   0   0   0   0   0   5   0   0   4   0
   0   6   0   0   0   2   0   0   0   7   0   0   8   0   0   0   3   0   0   0  10   0   5   0   0   4   0
   0   0   0   0   2   0   0  12   0   0   7   0   0   0   0   0   3   0   0  10   0   0   5   0   0   4   0
   0   0   0   2   0   0   0   0  12   0   0   7   0   0   0   0   3   0  10   0   0   0   5   0   0   4   0
   0   0   2   0   0   0   0   0   0  12   0   0   0   0   0   0   3   0   0   0   0   0   0   0   0   4   0
   0   2   0   0   0   0   0   0   0   0  12   0   0   0   0   0   0   0   0   0   0  11   0   0   0   4   0
   0   0   0   0   0   0  13  13  13   0   0  12   0   0   1   1   1   1   0   0   0  11   0   0   0   0   0
   0   0   0   0   0   0   0   0   0   0   0   0   0   0   0   0   0   0   0   0   0  11   0  16  16  16  16
-----------------------------------
The oceans are the same.
   0   0   0   0   0   6   0   0   0  15  15  15  15  15  15   0   0   0   9   9   9   0   0  14  14  14   0
   0   0   0   0   6   0   0   0   0   0   0   0   0   0   0   0   3   0   0   0   0   0   0   0   0   0   0
   0   0   0   6   0   0   0   7   0   0   0   0   0   0   8   0   3   0   0   0   0   0   0   0   0   4   0
   0   0   6   0   0   0   0   0   7   0   0   0   0   8   0   0   3   0   0   0   0   0   5   0   0   4   0
   0   6   0   0   0   2   0   0   0   7   0   0   8   0   0   0   3   0   0   0  10   0   5   0   0   4   0
   0   0   0   0   2   0   0  12   0   0   7   0   0   0   0   0   3   0   0  10   0   0   5   0   0   4   0
   0   0   0   2   0   0   0   0  12   0   0   7   0   0   0   0   3   0  10   0   0   0   5   0   0   4   0
   0   0   2   0   0   0   0   0   0  12   0   0   0   0   0   0   3   0   0   0   0   0   0   0   0   4   0
   0   2   0   0   0   0   0   0   0   0  12   0   0   0   0   0   0   0   0   0   0  11   0   0   0   4   0
   0   0   0   0   0   0  13  13  13   0   0  12   0   0   1   1   1   1   0   0   0  11   0   0   0   0   0
   0   0   0   0   0   0   0   0   0   0   0   0   0   0   0   0   0   0   0   0   0  11   0  16  16  16  16
-----------------------------------
   0   0   0   0   0   6   0   0   0  15  15  15  15  15  15   0   0   0   9   9   9   0   0  14  14  14   0
   0   0   0   0   6   0   0   0   0   0   0   0   0   0   0   0   3   0   0   0   0   0   0   0   0   0   0
   0   0   0   6   0   0   0   7   0   0   0   0   0   0   8   0   3   0   0   0   0   0   0   0   0   4   0
   0   0   6   0   0   0   0   0   7   0   0   0   0   8   0   0   3   0   0   0   0   0   5   0   0   4   0
   0   6   0   0   0   2   0   0   0   7   0   0   8   0   0   0   3   0   0   0  10   0   5   0   0   4   0
   0   0   0   0   2   0   0  12   0   0   7   0   0   0   0   0   3   0   0  10   0   0   5   0   0   4   0
   0   0   0   2   0   0   0   0  12   0   0   7   0   0   0   0   3   0  10   0   0   0   5   0   0   4   0
   0   0   2   0   0   0   0   0   0  12   0   0   0   0   0   0   3   0   0   0   0   0   0   0   0   4   0
   0   2   0   0   0   0   0   0   0   0  12   0   0   0   0   0   0   0   0   0   0  11   0   0   0   4   0
   0   0   0   0   0   0  13  13  13   0   0  12   0   0   1   1   1   1   0   0   0  11   0   0   0   0   0
   0   0   0   0   0   0   0   0   0   0   0   0   0   0   0   0   0   0   0   0   0  11   0  16  16  16  16
-----------------------------------
The oceans are NOT the same.
  -1   0   0   0   0   6   0   0   0  15  15  15  15  15  15  -1  -1   0   9 109   9  -1   0  14  14  14   0
   0   0  -1   0   6   0   0   0   0   0   0   0   0   0   0   0   3   0   0   0   0   0   0  -1   0  -1   0
   0  -1   0   6  -1  -1   0   7   0   0   0  -1  -1   0   8   0   3  -1   0   0  -1   0   0  -1  -1   4  -1
  -1   0   6  -1   0   0   0   0   7   0   0  -1   0   8  -1   0   3   0   0  -1   0  -1   5   0   0   4   0
  -1 106   0  -1  -1   2   0  -1   0   7  -1   0   8   0   0   0   3  -1  -1   0  10  -1   5   0  -1   4  -1
   0   0   0   0   2   0   0  12   0   0   7   0  -1  -1   0   0   3   0   0  10   0   0 105   0   0 104   0
   0   0   0   2   0   0   0   0  12  -1  -1 107  -1  -1   0   0   3   0  10   0   0   0 105   0   0   4   0
   0  -1   2   0  -1   0   0  -1  -1 112   0   0   0  -1   0   0   3   0   0   0  -1   0   0   0   0 104  -1
   0   2   0   0   0   0   0  -1  -1   0  12   0   0   0   0  -1   0   0   0   0   0  11   0   0   0   4   0
   0   0  -1   0  -1   0  13 113  13  -1   0  12  -1  -1   1   1 101   1  -1   0   0  11   0  -1  -1   0  -1
   0   0   0   0   0  -1   0   0   0   0  -1   0   0  -1  -1   0   0   0  -1   0   0  11  -1  16  16  16  16
-----------------------------------
   0   0   0   0   0   6   0   0   0  15  15  15  15  15  15   0   0   0   9   9   9   0   0  14  14  14   0
   0   0   0   0   6   0   0   0   0   0   0   0   0   0   0   0   3   0   0   0   0   0   0   0   0   0   0
   0   0   0   6   0   0   0   7   0   0   0   0   0   0   8   0   3   0   0   0   0   0   0   0   0   4   0
   0   0   6   0   0   0   0   0   7   0   0   0   0   8   0   0   3   0   0   0   0   0   5   0   0   4   0
   0   6   0   0   0   2   0   0   0   7   0   0   8   0   0   0   3   0   0   0  10   0   5   0   0   4   0
   0   0   0   0   2   0   0  12   0   0   7   0   0   0   0   0   3   0   0  10   0   0   5   0   0   4   0
   0   0   0   2   0   0   0   0  12   0   0   7   0   0   0   0   3   0  10   0   0   0   5   0   0   4   0
   0   0   2   0   0   0   0   0   0  12   0   0   0   0   0   0   3   0   0   0   0   0   0   0   0   4   0
   0   2   0   0   0   0   0   0   0   0  12   0   0   0   0   0   0   0   0   0   0  11   0   0   0   4   0
   0   0   0   0   0   0  13  13  13   0   0  12   0   0   1   1   1   1   0   0   0  11   0   0   0   0   0
   0   0   0   0   0   0   0   0   0   0   0   0   0   0   0   0   0   0   0   0   0  11   0  16  16  16  16
-----------------------------------
