   7  -1  -1   0  -1   0  -1 108 108   8 108   0   0  -1   0  -1   0   0   0   3
 107   0  -1  -1   0   0   0  -1  -1   0   0   0  -1  -1   0   0  -1   0  -1 103
   7   0   0   0   0  -1   0   0   0   0   0   5  -1  -1  -1  -1   0   2  -1   3
   0  -1   0  -1 106   0   0   0   1   0   0  -1 105  -1   0  -1   0 102   0 103
  -1   0  -1   6   0  -1   0  -1 101   0   0   0   0 105  -1   0   0 102  -1 103
   0  -1   6  -1   0   0  -1  -1   1  -1   0  -1   0   0   5  -1  -1 102   0 103
   0 106   0   0  -1   9  -1   0 101   0   0  -1  -1  -1   0 105  -1 102   0   0
 106  -1  -1   0  -1   9   0   0 101  -1   0   0   4   0   0   0  -1   2  -1  -1
   0  -1  -1   0   0   9   0   0 101   0   0   4   0   0   0  -1   0  -1  -1   0
   0   0  -1   0   0 109   0  -1   0   0 104  -1   0   0  -1  -1   0   0   0   0
  -1  -1   0  -1   0   0   0   0   0  -1   0  -1   0  -1  -1  10  10  10  -1   0
   0   0   0   0   0  -1   0   0   0   0   0  -1   0  -1  -1  -1   0   0   0  -1
-----------------------------------
   7  -1  -1   0  -1   0  -1 108 108   8 108   0   0  -1   0  -1   0   0   0   3
 107   0  -1  -1   0   0   0  -1  -1   0   0   0  -1  -1   0   0  -1   0  -1 103
   7   0   0   0   0  -1   0   0   0   0   0   5  -1  -1  -1  -1   0   2  -1   3
   0  -1   0  -1 106   0   0   0   1   0   0  -1 105  -1   0  -1   0 102   0 103
  -1   0  -1   6   0  -1   0  -1 101   0   0   0   0 105  -1   0   0 102  -1 103
   0  -1   6  -1   0   0  -1  -1   1  -1   0  -1   0   0   5  -1  -1 102   0 103
   0 106   0   0  -1   9  -1   0 101   0   0  -1  -1  -1   0 105  -1 102   0   0
 106  -1  -1   0  -1   9   0   0 101  -1   0   0   4   0   0   0  -1   2  -1  -1
   0  -1  -1   0   0   9   0   0 101   0   0   4   0   0   0  -1   0  -1  -1   0
   0   0  -1   0   0 109   0  -1   0   0 104  -1   0   0  -1  -1   0   0   0   0
  -1  -1   0  -1   0   0   0   0   0  -1   0  -1   0  -1  -1  10  10  10  -1   0
   0   0   0   0   0  -1   0   0   0   0   0  -1   0  -1  -1  -1   0   0   0  -1
-----------------------------------
The oceans are the same.
   7   0   0   0  -1   0   0   8   8   8 108   0   0   0   0   0   0   0   0   3
 107   0   0   0   0   0   0   0  -1   0   0   0   0  -1   0   0  -1   0  -1 103
   7   0   0   0   0   0   0   0   0   0   0   5   0   0  -1   0   0   2  -1   3
   0   0   0   0 106   0   0   0   1   0   0   0 105   0   0   0   0   2   0 103
   0   0  -1   6   0   0   0   0 101   0   0   0   0 105  -1   0   0 102  -1   3
   0  -1   6  -1   0   0  -1   0   1   0   0  -1   0   0   5  -1  -1   2   0   3
   0 106   0   0  -1   9  -1   0   1   0   0   0  -1   0   0   5  -1 102   0   0
   6   0  -1   0  -1   9   0   0 101   0   0   0   4   0   0   0   0   2   0  -1
   0   0  -1   0   0   9   0   0 101   0   0   4   0   0   0   0   0   0  -1   0
   0   0  -1   0   0 109   0  -1   0   0   4   0   0   0  -1   0   0   0   0   0
  -1   0   0  -1   0   0   0   0   0  -1   0   0   0   0  -1  10  10  10   0   0
   0   0   0   0   0  -1   0   0   0   0   0   0   0   0  -1  -1   0   0   0  -1
-----------------------------------
The oceans are NOT the same.
The oceans are NOT the same.
The oceans are the same.
   0  -1   0   0   0   0   0  -1   0  -1
   0   0  -1   0   0   0   0   0   0   0
   0   0   0   0  -1  -1   0   0   0   0
 101  -1   0  -1   0   0   0  -1   0   0
   0   1   0   0   0   0   0   3   0   0
   0   0   1   0   0   2   0   0   3   0
   0   0   0   1  -1   0   2   0   0   3
   0   0   0   0 101   0   0   2   0  -1
   0   0  -1   0   0   0  -1  -1 102   0
   0   0  -1   0   0  -1  -1   0   0   2
-----------------------------------
   0  -1   0   0   0   0   0  -1   0  -1
   0   0  -1   0   0   0   0   0   0   0
   0   0   0   0  -1  -1   0   0   0   0
 101  -1   0  -1   0   0   0  -1   0   0
   0   1   0   0   0   0   0   3   0   0
   0   0   1   0   0   2   0   0   3   0
   0   0  -1   1  -1   0   2   0   0   3
   0   0   0   0 101   0   0   2   0  -1
   0   0  -1   0   0   0  -1  -1 102   0
   0   0  -1   0   0  -1  -1   0   0   2
-----------------------------------
The oceans are NOT the same.
The oceans are the same.
The oceans are the same.
The oceans are the same.
