***** TestSwap1 *****
a = 5, b = 8
a = 8, b = 5
***** TestSwap2 *****
s1: (login) jdoe, (age) 20, (year) 3, (GPA) 3.82
s2: (login) fbar, (age) 22, (year) 1, (GPA) 1.28
s1: (login) fbar, (age) 22, (year) 1, (GPA) 1.28
s2: (login) jdoe, (age) 20, (year) 3, (GPA) 3.82
***** SwapRanges *****
-1, 2, 6, -1, 9, 5, 7, -1, -1, 8, -1
3, 6, 8, 0, -1, 5, -3, -9, 3, 5, 8
3, 6, 8, 0, -1, 5, -3, -9, 3, 5, 8
-1, 2, 6, -1, 9, 5, 7, -1, -1, 8, -1
***** Remove1 *****
5, -7, 4, 10, -21, 15, 9
remove -1, new list: 5, -7, 4, 10, -21, 15, 9
items: 5, -7, 4, 10, -21, 15, 9
***** Remove2 *****
5, -7, 4, 10, -7, 15, 9
remove -7, new list: 5, 4, 10, 15, 9
items: 5, 4, 10, 15, 9, 15, 9
***** Remove3 *****
-1, -1, -1, -1, -1, -1, -1
remove -1, new list: 
items: -1, -1, -1, -1, -1, -1, -1
***** Count1 *****
-1, 2, 6, -1, 9, 5, 7, -1, -1, 8, -1
Count of -1 is 5
***** Count2 *****
-1, 2, 6, -1, 9, 5, 7, -1, -1, 8, -1
Count of 50 is 0
***** Find1 *****
-1, 2, 6, -1, 9, 5, 7, -1, -1, 8, -1
Item 9 is 9
***** Find2 *****
-1, 2, 6, -1, 9, 5, 7, -1, -1, 8, -1
Changing 9 to 100
-1, 2, 6, -1, 100, 5, 7, -1, -1, 8, -1
***** Find3 *****
-1, 2, 6, -1, 9, 5, 7, -1, -1, 8, -1
Item 19 was not found
***** Copy1 *****
-1, 2, 6, -1, 9, 5, 7, -1, -1, 8, -1
-1, 2, 6, -1, 9, 5, 7, -1, -1, 8, -1
***** Fill1 *****
12, 12, 12, 12, 12, 12, 12, 12, 12, 12
***** Replace1 *****
-1, 2, 6, -1, 9, 5, 7, -1, -1, 8, -1
Replacing -1 with -8
-8, 2, 6, -8, 9, 5, 7, -8, -8, 8, -8
***** Min1 *****
-1, 2, 6, -31, 9, 5, 7, -21, -1, 8, -10
The min element is: -31
***** Min2 *****
-1, 2, 6, -31, 9, 5, 7, -21, -1, 8, -10
The min element is: -31
***** Min3 *****
(login) jdoe, (age) 20, (year) 3, (GPA) 3.82
(login) fbar, (age) 22, (year) 1, (GPA) 1.28
(login) wxyz, (age) 19, (year) 3, (GPA) 1.59
(login) abcd, (age) 20, (year) 1, (GPA) 1.99
(login) jbar, (age) 22, (year) 2, (GPA) 3.38
The min element is: (login) fbar, (age) 22, (year) 1, (GPA) 1.28
***** Max1 *****
-1, 2, 6, -31, 9, 5, 7, -21, -1, 8, -10
The max element is: 9
***** Max2 *****
-1, 2, 6, -31, 9, 5, 7, -21, -1, 8, -10
The max element is: 9
***** Max3 *****
(login) jdoe, (age) 20, (year) 3, (GPA) 3.82
(login) fbar, (age) 22, (year) 1, (GPA) 1.28
(login) wxyz, (age) 19, (year) 3, (GPA) 1.59
(login) abcd, (age) 20, (year) 1, (GPA) 1.99
(login) jbar, (age) 22, (year) 2, (GPA) 3.38
The max element is: (login) jdoe, (age) 20, (year) 3, (GPA) 3.82
***** Equal1 *****
-1, 2, 6, -1, 9, 5, 7, -1, -1, 8, -1
-1, 2, 6, -1, 9, 5, 7, -1, -1, 8, -1
Arrays are equal
***** Equal2 *****
-1, 2, 6, -1, 9, 5, 7
-1, 2, 6, -1, 9, 5, 7, -1, -1, 8, -1
Arrays are equal
***** Equal3 *****
-1, 2, 6, -1, 9, 5, 7
-1, 2, 6, -1, 9, 6, 7
Arrays are not equal
***** Sum1 *****
3, 6, 8, 0, -1, 5, -3, -9, 3, 5, 8, -20, -5
Sum is 0
***** Stress1 *****
2, 8, 1, 8, 6, 8, 2, 4, 7, 2, 6, 5, 6, 8, 6, 5, 7, 1, 8, 2, 9, 9, 7, 7, 9, 9, 9, 5, 2, 2, 6, 1, 1, 4, 6, 4, 2, 8, 5, 8, 7, 1, 1, 3, 6, 5, 6, 3, 3, 4, 3, 2, 2, 9, 9, 1, 6, 6, 5, 5, 7, 1, 6, 7, 3, 9, 8, 4, 5, 3, 1, 1, 1, 1, 3, 7, 3, 6, 7, 6, 8, 7, 7, 9, 6, 4, 7, 3, 9, 2, 7, 7, 9, 1, 2, 2, 8, 1, 4, 3
remove 1, new list: 2, 8, 8, 6, 8, 2, 4, 7, 2, 6, 5, 6, 8, 6, 5, 7, 8, 2, 9, 9, 7, 7, 9, 9, 9, 5, 2, 2, 6, 4, 6, 4, 2, 8, 5, 8, 7, 3, 6, 5, 6, 3, 3, 4, 3, 2, 2, 9, 9, 6, 6, 5, 5, 7, 6, 7, 3, 9, 8, 4, 5, 3, 3, 7, 3, 6, 7, 6, 8, 7, 7, 9, 6, 4, 7, 3, 9, 2, 7, 7, 9, 2, 2, 8, 4, 3
remove 2, new list: 8, 8, 6, 8, 4, 7, 6, 5, 6, 8, 6, 5, 7, 8, 9, 9, 7, 7, 9, 9, 9, 5, 6, 4, 6, 4, 8, 5, 8, 7, 3, 6, 5, 6, 3, 3, 4, 3, 9, 9, 6, 6, 5, 5, 7, 6, 7, 3, 9, 8, 4, 5, 3, 3, 7, 3, 6, 7, 6, 8, 7, 7, 9, 6, 4, 7, 3, 9, 7, 7, 9, 8, 4, 3
remove 3, new list: 8, 8, 6, 8, 4, 7, 6, 5, 6, 8, 6, 5, 7, 8, 9, 9, 7, 7, 9, 9, 9, 5, 6, 4, 6, 4, 8, 5, 8, 7, 6, 5, 6, 4, 9, 9, 6, 6, 5, 5, 7, 6, 7, 9, 8, 4, 5, 7, 6, 7, 6, 8, 7, 7, 9, 6, 4, 7, 9, 7, 7, 9, 8, 4
remove 4, new list: 8, 8, 6, 8, 7, 6, 5, 6, 8, 6, 5, 7, 8, 9, 9, 7, 7, 9, 9, 9, 5, 6, 6, 8, 5, 8, 7, 6, 5, 6, 9, 9, 6, 6, 5, 5, 7, 6, 7, 9, 8, 5, 7, 6, 7, 6, 8, 7, 7, 9, 6, 7, 9, 7, 7, 9, 8
remove 5, new list: 8, 8, 6, 8, 7, 6, 6, 8, 6, 7, 8, 9, 9, 7, 7, 9, 9, 9, 6, 6, 8, 8, 7, 6, 6, 9, 9, 6, 6, 7, 6, 7, 9, 8, 7, 6, 7, 6, 8, 7, 7, 9, 6, 7, 9, 7, 7, 9, 8
remove 6, new list: 8, 8, 8, 7, 8, 7, 8, 9, 9, 7, 7, 9, 9, 9, 8, 8, 7, 9, 9, 7, 7, 9, 8, 7, 7, 8, 7, 7, 9, 7, 9, 7, 7, 9, 8
remove 7, new list: 8, 8, 8, 8, 8, 9, 9, 9, 9, 9, 8, 8, 9, 9, 9, 8, 8, 9, 9, 9, 8
remove 8, new list: 9, 9, 9, 9, 9, 9, 9, 9, 9, 9, 9
remove 9, new list: 
***** Stress2 *****
Sum is 2387
remove -10, sum is 49607
remove -9, sum is 91619
remove -8, sum is 129507
remove -7, sum is 163079
remove -6, sum is 191045
remove -5, sum is 214655
remove -4, sum is 234015
remove -3, sum is 247836
remove -2, sum is 257424
remove -1, sum is 262230
remove 0, sum is 262230
remove 1, sum is 257375
remove 2, sum is 247953
remove 3, sum is 233319
remove 4, sum is 213891
remove 5, sum is 189971
remove 6, sum is 161483
remove 7, sum is 127848
remove 8, sum is 89912
remove 9, sum is 48170
remove 10, sum is 0
***** Stress3 *****
Sum is 1000024
remove 1, sum is 30
