
test_add_front ========================================
add  1 to front:   1
add  2 to front:   2  1
add  3 to front:   3  2  1
add  4 to front:   4  3  2  1
add  5 to front:   5  4  3  2  1
add  6 to front:   6  5  4  3  2  1
add  7 to front:   7  6  5  4  3  2  1
add  8 to front:   8  7  6  5  4  3  2  1
add  9 to front:   9  8  7  6  5  4  3  2  1
add 10 to front:  10  9  8  7  6  5  4  3  2  1

test_size ========================================
Size is  0: 
Size is  1:   1
Size is  2:   2  1
Size is  3:   3  2  1
Size is  4:   4  3  2  1
Size is  5:   5  4  3  2  1
Size is  6:   6  5  4  3  2  1
Size is  7:   7  6  5  4  3  2  1
Size is  8:   8  7  6  5  4  3  2  1
Size is  9:   9  8  7  6  5  4  3  2  1
Size is 10:  10  9  8  7  6  5  4  3  2  1

test_sum ========================================
 10  9  8  7  6  5  4  3  2  1
Sum is 55

test_add_back ========================================
add  1 to back:   1
add  2 to back:   1  2
add  3 to back:   1  2  3
add  4 to back:   1  2  3  4
add  5 to back:   1  2  3  4  5
add  6 to back:   1  2  3  4  5  6
add  7 to back:   1  2  3  4  5  6  7
add  8 to back:   1  2  3  4  5  6  7  8
add  9 to back:   1  2  3  4  5  6  7  8  9
add 10 to back:   1  2  3  4  5  6  7  8  9 10

test_add_front_back ========================================
add  1 to front and back:   1  1
add  2 to front and back:   2  1  1  2
add  3 to front and back:   3  2  1  1  2  3
add  4 to front and back:   4  3  2  1  1  2  3  4
add  5 to front and back:   5  4  3  2  1  1  2  3  4  5

test_remove ========================================
Start list :  10  9  8  7  6  5  4  3  2  1
Removing  5:  10  9  8  7  6  4  3  2  1
Removing  6:  10  9  8  7  4  3  2  1
Removing 10:   9  8  7  4  3  2  1
Removing  9:   8  7  4  3  2  1
Removing  2:   8  7  4  3  1
Removing  1:   8  7  4  3
Removing  3:   8  7  4
Removing  7:   8  4
Removing  8:   4
Removing  4: 
Removing  0: 

test_A ========================================
  8  2 17  9 12 18 10  8 18  7 11 11  9 15  8 15  8  5 15 10 16 11 18  1  1  9  6  9  4  8 10  9  4 17 10 15  6 10 14 17  5 17 12  1 17 14 17  8  9 14
Size is 50.
Sum is 525.
Remove  7:   8  2 17  9 12 18 10  8 18 11 11  9 15  8 15  8  5 15 10 16 11 18  1  1  9  6  9  4  8 10  9  4 17 10 15  6 10 14 17  5 17 12  1 17 14 17  8  9 14
Remove 10:   8  2 17  9 12 18  8 18 11 11  9 15  8 15  8  5 15 10 16 11 18  1  1  9  6  9  4  8 10  9  4 17 10 15  6 10 14 17  5 17 12  1 17 14 17  8  9 14
Remove 20:   8  2 17  9 12 18  8 18 11 11  9 15  8 15  8  5 15 10 16 11 18  1  1  9  6  9  4  8 10  9  4 17 10 15  6 10 14 17  5 17 12  1 17 14 17  8  9 14
Remove 17:   8  2  9 12 18  8 18 11 11  9 15  8 15  8  5 15 10 16 11 18  1  1  9  6  9  4  8 10  9  4 17 10 15  6 10 14 17  5 17 12  1 17 14 17  8  9 14
Remove 16:   8  2  9 12 18  8 18 11 11  9 15  8 15  8  5 15 10 11 18  1  1  9  6  9  4  8 10  9  4 17 10 15  6 10 14 17  5 17 12  1 17 14 17  8  9 14
Remove  3:   8  2  9 12 18  8 18 11 11  9 15  8 15  8  5 15 10 11 18  1  1  9  6  9  4  8 10  9  4 17 10 15  6 10 14 17  5 17 12  1 17 14 17  8  9 14
Remove  4:   8  2  9 12 18  8 18 11 11  9 15  8 15  8  5 15 10 11 18  1  1  9  6  9  8 10  9  4 17 10 15  6 10 14 17  5 17 12  1 17 14 17  8  9 14
Remove 17:   8  2  9 12 18  8 18 11 11  9 15  8 15  8  5 15 10 11 18  1  1  9  6  9  8 10  9  4 10 15  6 10 14 17  5 17 12  1 17 14 17  8  9 14
Remove 12:   8  2  9 18  8 18 11 11  9 15  8 15  8  5 15 10 11 18  1  1  9  6  9  8 10  9  4 10 15  6 10 14 17  5 17 12  1 17 14 17  8  9 14
Remove  9:   8  2 18  8 18 11 11  9 15  8 15  8  5 15 10 11 18  1  1  9  6  9  8 10  9  4 10 15  6 10 14 17  5 17 12  1 17 14 17  8  9 14
Remove  2:   8 18  8 18 11 11  9 15  8 15  8  5 15 10 11 18  1  1  9  6  9  8 10  9  4 10 15  6 10 14 17  5 17 12  1 17 14 17  8  9 14
Remove 12:   8 18  8 18 11 11  9 15  8 15  8  5 15 10 11 18  1  1  9  6  9  8 10  9  4 10 15  6 10 14 17  5 17  1 17 14 17  8  9 14
Remove 17:   8 18  8 18 11 11  9 15  8 15  8  5 15 10 11 18  1  1  9  6  9  8 10  9  4 10 15  6 10 14  5 17  1 17 14 17  8  9 14
Remove  8:  18  8 18 11 11  9 15  8 15  8  5 15 10 11 18  1  1  9  6  9  8 10  9  4 10 15  6 10 14  5 17  1 17 14 17  8  9 14
Remove 14:  18  8 18 11 11  9 15  8 15  8  5 15 10 11 18  1  1  9  6  9  8 10  9  4 10 15  6 10  5 17  1 17 14 17  8  9 14
Remove  6:  18  8 18 11 11  9 15  8 15  8  5 15 10 11 18  1  1  9  9  8 10  9  4 10 15  6 10  5 17  1 17 14 17  8  9 14
Remove 10:  18  8 18 11 11  9 15  8 15  8  5 15 11 18  1  1  9  9  8 10  9  4 10 15  6 10  5 17  1 17 14 17  8  9 14
Remove  6:  18  8 18 11 11  9 15  8 15  8  5 15 11 18  1  1  9  9  8 10  9  4 10 15 10  5 17  1 17 14 17  8  9 14
Remove 16:  18  8 18 11 11  9 15  8 15  8  5 15 11 18  1  1  9  9  8 10  9  4 10 15 10  5 17  1 17 14 17  8  9 14
Remove 16:  18  8 18 11 11  9 15  8 15  8  5 15 11 18  1  1  9  9  8 10  9  4 10 15 10  5 17  1 17 14 17  8  9 14
Remove 17:  18  8 18 11 11  9 15  8 15  8  5 15 11 18  1  1  9  9  8 10  9  4 10 15 10  5  1 17 14 17  8  9 14
Remove  1:  18  8 18 11 11  9 15  8 15  8  5 15 11 18  1  9  9  8 10  9  4 10 15 10  5  1 17 14 17  8  9 14
Remove  3:  18  8 18 11 11  9 15  8 15  8  5 15 11 18  1  9  9  8 10  9  4 10 15 10  5  1 17 14 17  8  9 14
Remove  4:  18  8 18 11 11  9 15  8 15  8  5 15 11 18  1  9  9  8 10  9 10 15 10  5  1 17 14 17  8  9 14
Remove  7:  18  8 18 11 11  9 15  8 15  8  5 15 11 18  1  9  9  8 10  9 10 15 10  5  1 17 14 17  8  9 14
Remove 12:  18  8 18 11 11  9 15  8 15  8  5 15 11 18  1  9  9  8 10  9 10 15 10  5  1 17 14 17  8  9 14
Remove  1:  18  8 18 11 11  9 15  8 15  8  5 15 11 18  9  9  8 10  9 10 15 10  5  1 17 14 17  8  9 14
Remove 18:   8 18 11 11  9 15  8 15  8  5 15 11 18  9  9  8 10  9 10 15 10  5  1 17 14 17  8  9 14
Remove 19:   8 18 11 11  9 15  8 15  8  5 15 11 18  9  9  8 10  9 10 15 10  5  1 17 14 17  8  9 14
Remove  6:   8 18 11 11  9 15  8 15  8  5 15 11 18  9  9  8 10  9 10 15 10  5  1 17 14 17  8  9 14
Remove  9:   8 18 11 11 15  8 15  8  5 15 11 18  9  9  8 10  9 10 15 10  5  1 17 14 17  8  9 14
Remove 20:   8 18 11 11 15  8 15  8  5 15 11 18  9  9  8 10  9 10 15 10  5  1 17 14 17  8  9 14
Remove 13:   8 18 11 11 15  8 15  8  5 15 11 18  9  9  8 10  9 10 15 10  5  1 17 14 17  8  9 14
Remove  4:   8 18 11 11 15  8 15  8  5 15 11 18  9  9  8 10  9 10 15 10  5  1 17 14 17  8  9 14
Remove 16:   8 18 11 11 15  8 15  8  5 15 11 18  9  9  8 10  9 10 15 10  5  1 17 14 17  8  9 14
Remove  1:   8 18 11 11 15  8 15  8  5 15 11 18  9  9  8 10  9 10 15 10  5 17 14 17  8  9 14
Remove 16:   8 18 11 11 15  8 15  8  5 15 11 18  9  9  8 10  9 10 15 10  5 17 14 17  8  9 14
Remove  5:   8 18 11 11 15  8 15  8 15 11 18  9  9  8 10  9 10 15 10  5 17 14 17  8  9 14
Remove 20:   8 18 11 11 15  8 15  8 15 11 18  9  9  8 10  9 10 15 10  5 17 14 17  8  9 14
Remove  7:   8 18 11 11 15  8 15  8 15 11 18  9  9  8 10  9 10 15 10  5 17 14 17  8  9 14
Remove  7:   8 18 11 11 15  8 15  8 15 11 18  9  9  8 10  9 10 15 10  5 17 14 17  8  9 14
Remove 13:   8 18 11 11 15  8 15  8 15 11 18  9  9  8 10  9 10 15 10  5 17 14 17  8  9 14
Remove 10:   8 18 11 11 15  8 15  8 15 11 18  9  9  8  9 10 15 10  5 17 14 17  8  9 14
Remove 18:   8 11 11 15  8 15  8 15 11 18  9  9  8  9 10 15 10  5 17 14 17  8  9 14
Remove 12:   8 11 11 15  8 15  8 15 11 18  9  9  8  9 10 15 10  5 17 14 17  8  9 14
Remove  5:   8 11 11 15  8 15  8 15 11 18  9  9  8  9 10 15 10 17 14 17  8  9 14
Remove 18:   8 11 11 15  8 15  8 15 11  9  9  8  9 10 15 10 17 14 17  8  9 14
Remove  5:   8 11 11 15  8 15  8 15 11  9  9  8  9 10 15 10 17 14 17  8  9 14
Remove  5:   8 11 11 15  8 15  8 15 11  9  9  8  9 10 15 10 17 14 17  8  9 14
Remove 12:   8 11 11 15  8 15  8 15 11  9  9  8  9 10 15 10 17 14 17  8  9 14
Size is 22.
Sum is 251.
