Boats placed:
   0   0   0   0   0   0  36  36  36   0   0   0   0   0   0   0   0   0   0  12   0   0   0   0   0   0   0   0   0   0
   0   0   0   0   0   0   0   0   0   0   0   0  10   0   0   0   0   0   0  12   0   0   0   0   0   0   0   0   0   0
   0   0   0   0   0   0   2   2   2   2   2   0  10   0   0   0   0   0   0  12   0  15  15  15  15   0   0   0   0   0
   0   0   0   0   0   0   0   0   0   0   0   0  10   0   0   0   0   0   0  12   0  20   0   0   0   0  28  28  28  28
  48  48  48   0   0  30   0   4   0   0   0   0   0   0   0   0  23  23  23  23  23  20   0   0   0   0   0   0   0   0
   0   0   0   0   0  30   0   4   0   0   0   0   0   0   0   0   0   0   0   0   0  20   0   0   0   5   5   5   5   0
   0   0   0   0   0  30   0   4   0  31  31  31  31  31  31  31   0  24  24  24  24  20   0   0   0   0   0   0   0   0
   0   0   0  40   0  30   0   4   0   0   0   0   0  18   0   0   0   0   0   0   0  20   0   0   0   0   0   0   0   0
   0   0   0  40   0   0   0   4   0   0  17   0   0  18   0   0   0   0   0   0   0  20   0   0   0   0   0   0   0   0
   0   0   0  40   0   0   0   0   0   0  17   0   0  18   0   0   0   0   0   0   0  27   0   0   0   0   0   0   1   0
   0   0   0  40   0   0   0   0   0   0  17   0   0  18   0   0   0   0   0   0   0  27   0   0  38   0   0   0   1   0
   0   0   0  40   0   0   0   0   0   0  17   0   0  18   0   0   0   0  21   0   0  27   0  33  38   0   0   0   1   0
   0   0   0  40   0   0   0   0   0   0  17   0   0  18   0   0   0   0  21   0   0  27   0  33  38  14  14  14   1   9
   0  47   0   0   0   0   0   0   0   0  17   0   0   0   0  26   0   0  21   0   0  27   0  33  38   0   0   0   1   9
   0  47   0   0   0   0   0   0   0   0  17   0   0   0   0  26   0   3  21   0   0  27   0  33  38   0   0   0   1   9
   0  47   0   0   0   0   0   0   0   0   0   0   0   0  16  26  32   3  21   0   0   0   0  33   0   0   0   0   0   9
   0  47  37   0   0  41   0   0   0   0   0   0   0   0  16  26  32   3   0   0   0   0   0  29  29  29   0   0   0   0
   0  47  37   0   0  41   0   0   0   0   0   0   0   0  16  26  32   3   0  49   0   7   7   7   7   7   7   0   0   0
  19   0  37   0   0  41  34   6   6   6   6   0   0   0  16  26   0   3   0  49   0   0   0   0  22  22  22  22   0   0
  19   0  37   0   0  41  34   0   0   0   0   0   0   0  16  26   0   3   0  49   0   0   0   0   0   0   0   0   0   0
  19   0  37   0   0  41  34   0   0   0   0   0   0   0   0   0   0   0   0  49   0   0  50  50  50  50   0   0   0   0
   0   0  37   0   0  41  34   0   0   0   0   0   0   0   0   0   0   0   0  49   0   0   0   0   0   0   0   0   0   0
   0   0   0   0   0   0   0   0  39  39  39  39  39  39  39   0   0   0   0  49   0   0   0   0  44  44  44  44  44  44
   0   0   0   0   0   0   0  42  42  42  42  42  42  42   0   0   0   0   0   0   0   0   0   0   0   0   0   0   0   0
   0   0   0   0   0   0   0   0   0   0   0   0  46   0   0  25   0   0   0   8   0   0   0   0   0   0   0   0   0   0
   0   0   0   0   0   0   0   0  11   0   0   0  46   0   0  25   0   0   0   8   0   0   0   0   0   0   0   0   0   0
   0   0   0   0   0   0   0   0  11   0   0   0  46   0   0  25   0   0   0   8   0  13  13  13  13  13   0   0   0   0
   0   0   0   0   0   0   0   0  11   0   0   0  46   0   0  25   0   0   0   8   0   0   0   0   0   0   0   0   0   0
   0  35  35  35  35  35   0   0  11   0   0   0  46   0   0   0   0   0   0   8   0   0   0   0   0   0   0   0   0   0
   0   0   0   0   0   0   0   0  11   0   0   0  46  43  43  43  43  43   0   8  45  45  45  45  45   0   0   0   0   0

Final board:
      Hits: 247
    Misses: 653
Duplicates: 6064
Boats Sunk:  50
  -1  -1  -1  -1  -1  -1 136 136 136  -1  -1  -1  -1  -1  -1  -1  -1  -1  -1 112  -1  -1  -1  -1  -1  -1  -1  -1  -1  -1
  -1  -1  -1  -1  -1  -1  -1  -1  -1  -1  -1  -1 110  -1  -1  -1  -1  -1  -1 112  -1  -1  -1  -1  -1  -1  -1  -1  -1  -1
  -1  -1  -1  -1  -1  -1 102 102 102 102 102  -1 110  -1  -1  -1  -1  -1  -1 112  -1 115 115 115 115  -1  -1  -1  -1  -1
  -1  -1  -1  -1  -1  -1  -1  -1  -1  -1  -1  -1 110  -1  -1  -1  -1  -1  -1 112  -1 120  -1  -1  -1  -1 128 128 128 128
 148 148 148  -1  -1 130  -1 104  -1  -1  -1  -1  -1  -1  -1  -1 123 123 123 123 123 120  -1  -1  -1  -1  -1  -1  -1  -1
  -1  -1  -1  -1  -1 130  -1 104  -1  -1  -1  -1  -1  -1  -1  -1  -1  -1  -1  -1  -1 120  -1  -1  -1 105 105 105 105  -1
  -1  -1  -1  -1  -1 130  -1 104  -1 131 131 131 131 131 131 131  -1 124 124 124 124 120  -1  -1  -1  -1  -1  -1  -1  -1
  -1  -1  -1 140  -1 130  -1 104  -1  -1  -1  -1  -1 118  -1  -1  -1  -1  -1  -1  -1 120  -1  -1  -1  -1  -1  -1  -1  -1
  -1  -1  -1 140  -1  -1  -1 104  -1  -1 117  -1  -1 118  -1  -1  -1  -1  -1  -1  -1 120  -1  -1  -1  -1  -1  -1  -1  -1
  -1  -1  -1 140  -1  -1  -1  -1  -1  -1 117  -1  -1 118  -1  -1  -1  -1  -1  -1  -1 127  -1  -1  -1  -1  -1  -1 101  -1
  -1  -1  -1 140  -1  -1  -1  -1  -1  -1 117  -1  -1 118  -1  -1  -1  -1  -1  -1  -1 127  -1  -1 138  -1  -1  -1 101  -1
  -1  -1  -1 140  -1  -1  -1  -1  -1  -1 117  -1  -1 118  -1  -1  -1  -1 121  -1  -1 127  -1 133 138  -1  -1  -1 101  -1
  -1  -1  -1 140  -1  -1  -1  -1  -1  -1 117  -1  -1 118  -1  -1  -1  -1 121  -1  -1 127  -1 133 138 114 114 114 101 109
  -1 147  -1  -1  -1  -1  -1  -1  -1  -1 117  -1  -1  -1  -1 126  -1  -1 121  -1  -1 127  -1 133 138  -1  -1  -1 101 109
  -1 147  -1  -1  -1  -1  -1  -1  -1  -1 117  -1  -1  -1  -1 126  -1 103 121  -1  -1 127  -1 133 138  -1  -1  -1 101 109
  -1 147  -1  -1  -1  -1  -1  -1  -1  -1  -1  -1  -1  -1 116 126 132 103 121  -1  -1  -1  -1 133  -1  -1  -1  -1  -1 109
  -1 147 137  -1  -1 141  -1  -1  -1  -1  -1  -1  -1  -1 116 126 132 103  -1  -1  -1  -1  -1 129 129 129  -1  -1  -1  -1
  -1 147 137  -1  -1 141  -1  -1  -1  -1  -1  -1  -1  -1 116 126 132 103  -1 149  -1 107 107 107 107 107 107  -1  -1  -1
 119  -1 137  -1  -1 141 134 106 106 106 106  -1  -1  -1 116 126  -1 103  -1 149  -1  -1  -1  -1 122 122 122 122  -1  -1
 119  -1 137  -1  -1 141 134  -1  -1  -1  -1  -1  -1  -1 116 126  -1 103  -1 149  -1  -1  -1  -1  -1  -1  -1  -1  -1  -1
 119  -1 137  -1  -1 141 134  -1  -1  -1  -1  -1  -1  -1  -1  -1  -1  -1  -1 149  -1  -1 150 150 150 150  -1  -1  -1  -1
  -1  -1 137  -1  -1 141 134  -1  -1  -1  -1  -1  -1  -1  -1  -1  -1  -1  -1 149  -1  -1  -1  -1  -1  -1  -1  -1  -1  -1
  -1  -1  -1  -1  -1  -1  -1  -1 139 139 139 139 139 139 139  -1  -1  -1  -1 149  -1  -1  -1  -1 144 144 144 144 144 144
  -1  -1  -1  -1  -1  -1  -1 142 142 142 142 142 142 142  -1  -1  -1  -1  -1  -1  -1  -1  -1  -1  -1  -1  -1  -1  -1  -1
  -1  -1  -1  -1  -1  -1  -1  -1  -1  -1  -1  -1 146  -1  -1 125  -1  -1  -1 108  -1  -1  -1  -1  -1  -1  -1  -1  -1  -1
  -1  -1  -1  -1  -1  -1  -1  -1 111  -1  -1  -1 146  -1  -1 125  -1  -1  -1 108  -1  -1  -1  -1  -1  -1  -1  -1  -1  -1
  -1  -1  -1  -1  -1  -1  -1  -1 111  -1  -1  -1 146  -1  -1 125  -1  -1  -1 108  -1 113 113 113 113 113  -1  -1  -1  -1
  -1  -1  -1  -1  -1  -1  -1  -1 111  -1  -1  -1 146  -1  -1 125  -1  -1  -1 108  -1  -1  -1  -1  -1  -1  -1  -1  -1  -1
  -1 135 135 135 135 135  -1  -1 111  -1  -1  -1 146  -1  -1  -1  -1  -1  -1 108  -1  -1  -1  -1  -1  -1  -1  -1  -1  -1
  -1  -1  -1  -1  -1  -1  -1  -1 111  -1  -1  -1 146 143 143 143 143 143  -1 108 145 145 145 145 145  -1  -1  -1  -1  -1

