Boats placed:
   0  48  48  48   0   0  25  25  25   0   0   0   0   0   0   0   0   0   0  11   0   0   0   0   0  46  46  46  46   0
   0   0   0   0   0   0   0   0   0   0   0   0   9   0   0  41   0   0   0  11   0   0   0   0   0   0   0   0   0   0
   0   0   0   0   0   0   2   2   2   2   2   0   9   0   0  41   0   0   0  11   0  13  13  13  13   0   0   0   0   0
   0   0   0   0   0   0   0   0   0   0   0   0   9   0   0  41   0   0   0  11   0   0   0   0   0   0  21  21  21  21
  33  33  33   0   0  22   0   4   0   0   0   0   0   0   0  41   0   0   0   0   0   0   0   0   0   0   0   0   0   0
   0   0   0   0   0  22   0   4   0  45  45  45   0   0   0  41   0   0   0   0   0   0   0   0   0   5   5   5   5   0
   0   0   0   0   0  22   0   4   0   0   0   0   0   0   0   0   0  18  18  18  18   0   0   0   0   0   0   0   0   0
   0   0   0  29   0  22   0   4   0   0   0   0   0  16   0  36   0   0   0   0   0   0   0   0   0   0   0   0   0   0
   0   0   0  29   0   0   0   4   0   0  15   0   0  16   0  36   0   0  20  20  20  20  20   0   0   0   0   0   0   0
   0   0   0  29   0   0   0   0   0   0  15   0   0  16   0  36   0   0   0   0   0   0   0   0   0   0   0   0   1   0
   0   0   0  29   0  37   0   0   0   0  15   0   0  16   0  36   0  43  43  43  43   0   0   0   0   0  27   0   1   0
   0   0   0  29   0  37   0   0   0   0  15   0   0  16   0   0   0   0   0   0   0   0   0  23   0   0  27   0   1   0
   0   0   0  29   0  37   0   0   0   0  15   0   0  16   0   0   0   0   0   0   0   0   0  23   0   0  27   0   1   0
   0   0   0   0   0   0   0   0  42   0  15   0   0   0   0   0   0   0   0   0   0   0   0  23   0   0  27   0   1   0
   0   0   0   0   0   0   0   0  42   0  15   0   0   0   0   0   0   3   0   0   0   0   0  23   0   0  27   0   1   0
   0   0   0   0   0   0   0   0  42   0   0   0  39   0  14   0   0   3   0   0   0   0   0  23   0   0  27   0   0   0
   0   0  26   0   0  30   0   0   0   0   0   0  39   0  14   0   0   3   0   0   0   0   0   0   0   0   0   0   0   0
   0   0  26   0   0  30   0   0   0   0   0   0  39   0  14   0   0   3   0  34   0   7   7   7   7   7   7   0   0   0
  17   0  26   0   0  30   0   6   6   6   6   0   0   0  14   0   0   3   0  34   0   0   0   0   0   0   0   0   0  40
  17   0  26   0   0  30   0   0   0   0   0   0   0   0  14   0   0   3   0  34   0   0   0   0   0   0   0   0   0  40
  17   0  26   0   0  30   0   0   0   0   0   0   0   0   0   0   0   0   0  34   0   0  35  35  35  35   0   0   0  40
   0   0  26   0   0  30   0   0   0   0   0   0   0   0   0   0   0   0   0  34   0   0   0   0   0   0   0   0   0   0
   0   0   0   0   0   0   0   0  28  28  28  28  28  28  28   0   0   0   0  34   0   0   0   0  32  32  32  32  32  32
   0   0   0   0   0   0   0   0   0   0   0   0   0   0   0   0   0   0   0   0   0   0   0   0   0   0   0   0   0   0
   0   0   0   0  47  47  47   0   0   0   0   0   0   0   0  19   0  50   0   8   0   0   0   0  49  49  49   0   0   0
   0   0   0   0   0   0   0   0  10   0   0   0   0   0   0  19   0  50   0   8   0   0   0   0   0   0   0   0   0  38
   0   0   0   0   0   0   0   0  10   0   0  44   0   0   0  19   0  50   0   8   0  12  12  12  12  12   0   0   0  38
   0   0   0   0   0   0   0   0  10   0   0  44   0   0   0  19   0   0   0   8   0   0   0   0   0   0   0   0   0  38
   0  24  24  24  24  24   0   0  10   0   0  44   0   0   0   0   0   0   0   8   0   0   0   0   0   0   0   0   0  38
   0   0   0   0   0   0   0   0  10   0   0   0   0  31  31  31  31  31   0   8   0   0   0   0   0   0   0   0   0   0

Final board:
      Hits: 224
    Misses: 673
Duplicates: 4381
Boats Sunk:  50
  -1 148 148 148  -1  -1 125 125 125  -1  -1  -1  -1  -1  -1  -1  -1  -1  -1 111  -1  -1  -1  -1  -1 146 146 146 146  -1
  -1  -1  -1  -1  -1  -1  -1  -1  -1  -1  -1  -1 109  -1  -1 141  -1  -1  -1 111  -1  -1  -1  -1  -1  -1  -1  -1  -1  -1
  -1  -1  -1  -1  -1  -1 102 102 102 102 102  -1 109  -1  -1 141  -1  -1  -1 111  -1 113 113 113 113  -1  -1  -1  -1  -1
  -1  -1  -1  -1  -1  -1  -1  -1  -1  -1  -1  -1 109  -1  -1 141  -1  -1  -1 111  -1  -1  -1  -1  -1  -1 121 121 121 121
 133 133 133  -1  -1 122  -1 104  -1  -1  -1  -1  -1  -1  -1 141  -1  -1  -1  -1  -1  -1  -1  -1  -1  -1  -1  -1  -1  -1
  -1  -1  -1  -1  -1 122  -1 104  -1 145 145 145  -1  -1  -1 141  -1  -1  -1  -1  -1  -1  -1  -1  -1 105 105 105 105  -1
  -1  -1  -1  -1  -1 122  -1 104  -1  -1  -1   0  -1  -1  -1  -1  -1 118 118 118 118  -1  -1  -1  -1  -1  -1  -1  -1  -1
  -1  -1  -1 129  -1 122  -1 104  -1  -1  -1  -1  -1 116  -1 136  -1  -1  -1  -1  -1  -1  -1  -1  -1  -1  -1  -1  -1  -1
  -1  -1  -1 129  -1  -1  -1 104  -1  -1 115  -1  -1 116  -1 136  -1  -1 120 120 120 120 120  -1  -1  -1  -1  -1  -1  -1
  -1   0  -1 129  -1  -1  -1  -1  -1  -1 115  -1  -1 116  -1 136  -1  -1  -1  -1  -1  -1  -1  -1  -1  -1  -1  -1 101  -1
  -1  -1  -1 129  -1 137  -1  -1  -1  -1 115  -1  -1 116  -1 136  -1 143 143 143 143  -1  -1  -1  -1  -1 127  -1 101  -1
  -1  -1  -1 129  -1 137  -1  -1  -1  -1 115  -1  -1 116  -1  -1  -1  -1  -1  -1  -1  -1  -1 123  -1  -1 127  -1 101  -1
  -1  -1  -1 129  -1 137  -1  -1  -1  -1 115  -1  -1 116  -1  -1  -1  -1  -1  -1  -1  -1  -1 123  -1  -1 127  -1 101  -1
  -1  -1  -1  -1  -1  -1  -1  -1 142  -1 115  -1  -1  -1  -1  -1  -1  -1  -1  -1  -1  -1  -1 123   0  -1 127  -1 101  -1
  -1  -1  -1  -1  -1  -1  -1  -1 142  -1 115  -1  -1  -1  -1  -1  -1 103  -1  -1  -1  -1  -1 123  -1  -1 127  -1 101  -1
  -1  -1  -1  -1  -1  -1  -1  -1 142  -1  -1  -1 139  -1 114  -1  -1 103  -1  -1  -1  -1  -1 123  -1  -1 127  -1  -1  -1
  -1  -1 126  -1  -1 130  -1  -1  -1  -1  -1  -1 139  -1 114  -1  -1 103  -1  -1  -1  -1  -1  -1  -1  -1  -1  -1  -1  -1
  -1  -1 126  -1  -1 130  -1  -1  -1  -1  -1  -1 139  -1 114  -1  -1 103  -1 134  -1 107 107 107 107 107 107  -1  -1  -1
 117  -1 126  -1  -1 130  -1 106 106 106 106  -1  -1  -1 114  -1  -1 103  -1 134  -1  -1  -1  -1  -1  -1  -1  -1  -1 140
 117  -1 126  -1  -1 130  -1  -1  -1  -1  -1  -1  -1  -1 114  -1  -1 103  -1 134  -1  -1  -1  -1  -1  -1  -1  -1  -1 140
 117  -1 126  -1  -1 130  -1  -1  -1  -1  -1  -1  -1  -1  -1  -1  -1  -1  -1 134  -1  -1 135 135 135 135  -1  -1  -1 140
  -1  -1 126  -1  -1 130  -1  -1  -1  -1  -1  -1  -1  -1  -1  -1  -1  -1  -1 134  -1  -1  -1  -1  -1  -1  -1  -1  -1  -1
  -1  -1  -1  -1  -1  -1  -1  -1 128 128 128 128 128 128 128  -1  -1  -1  -1 134  -1  -1  -1  -1 132 132 132 132 132 132
  -1  -1  -1  -1  -1  -1  -1  -1  -1  -1  -1  -1  -1  -1  -1  -1  -1  -1  -1  -1  -1  -1  -1  -1  -1  -1  -1  -1  -1  -1
  -1  -1  -1  -1 147 147 147  -1  -1  -1  -1  -1  -1  -1  -1 119  -1 150  -1 108  -1  -1  -1  -1 149 149 149  -1  -1  -1
  -1  -1  -1  -1  -1  -1  -1  -1 110  -1  -1  -1  -1  -1  -1 119  -1 150  -1 108  -1  -1  -1  -1  -1  -1  -1  -1  -1 138
  -1  -1  -1  -1  -1  -1  -1  -1 110  -1  -1 144  -1  -1  -1 119  -1 150  -1 108  -1 112 112 112 112 112  -1  -1  -1 138
  -1  -1  -1  -1  -1  -1  -1  -1 110  -1  -1 144  -1  -1  -1 119  -1  -1  -1 108  -1  -1  -1  -1  -1  -1  -1  -1  -1 138
  -1 124 124 124 124 124  -1  -1 110  -1  -1 144  -1  -1  -1  -1  -1  -1  -1 108  -1  -1  -1  -1  -1  -1  -1  -1  -1 138
  -1  -1  -1  -1  -1  -1  -1  -1 110  -1  -1  -1  -1 131 131 131 131 131  -1 108  -1  -1  -1  -1  -1  -1  -1  -1  -1  -1

