Boats placed:
  68   0   0  56   0   0  29  29  29   0   0   0   0   0   0   0   0   0   0  12   0   0   0   0   0   0   0  47   0   0
  68   0   0  56   0   0   0   0   0   0   0   0  10   0  65   0   0   0   0  12  70   0   0   0   0   0  47   0   0   0
  68   0   0  56   0   0   2   2   2   2   2  10   0   0  65   0  75   0   0  12  70  14  14  14  14  47  87   0   0   0
  68   0   0  56   0   0   0   0   0   0  10  32   0   0  65  75   0   0  42  12  70  19   0  49  47  87  23   0   0   0
  39   0   0   0   0  25   0   4   0   0   0  32   0   0  75   0   0  42   0   0  19   0  49  90  87   0   0  23   0   0
   0  39   0   0  25   0   4   0  69   0   0  32   0  75   0   0  42   0   0  19   0  49   0  90   0   5  48   0  23   0
   0   0  39  25   0   4   0  69   0   0   0  32  75   0   0   0   0   0  19   0  49   0   0  90   0   0   5  48   0  23
   0   0  25   0   4   0  69  40   0   0  81  32   0  17   0  57   0  19   0   0   0   0   0  90   0  61   0   5  48   0
   0   0   0   4   0  69  40   0   0  81  16  32   0  17   0  57  19  52  22   0   0   0   0   0   0  61   0   0   5  48
   0   0   0   0  69  40   0   0  81  16   0  32  63  17   0  57   0   0  52  22   0   0   0   0   0  61  71   0   1   0
   0   0   0  69  40  46  82  81  16   0   0  63  59  17   0  57   0  74   0  52  22   0   0   0   0  71   0   0   1   0
   0   0  69  40  46  82  81  16   0   0  63   0  59  17   0   0   0  76  74   0  52  22   0   0  71   0   0   0   1   0
   0   0   0  46  82  81  16   0   0  63   0   0  59  17   0   0  76   0   0  74   0  52  22  71  26  13  13  13   1   9
   0   0   0  82  81  16   0   0  63   0   0   0  59   0   0  76   0   0   0   0  74   0  52  26   0  77   0   0   1   9
   0   0   0  60  16   0   0   0  38  38  38  38   0   0   0   0   0   3   0   0   0   0  26  44   0  77   0   0   1   9
   0   0  60   0   0   0   0  58  58  58  58  58  58   0  15   0  27   3   0   0   0  26  44   0   0  77   0   0   0   9
   0  60  30   0   0  33  64  64  64  64   0   0   0  15   0   0  27   3   0   0  26  44   0  24  24  24   0   0   0   0
  60  88  30   0   0  33   0   0   0   0   0   0  15   0   0   0  27   3   0  26  44   7   0   0   0  84   0   0   0   0
  18  88  30   0   0  33  28   6   6   6   6  15   0  45  45  45   0   3   0  44   0   0   7  67  20   0  84   0   0  50
  18  88  30   0   0  33  28   0   0   0  15  54   0   0   0   0   0   3   0   0   0   0   0   7  67  20   0  84   0  50
  18  88  30   0   0  33  28   0   0   0  54   0   0   0   0  73   0   0   0   0   0  53  53  53   7  67  20   0   0  50
   0  88  30   0   0  33  28   0   0  54   0   0   0   0   0   0  73   0   0   0   0   0   0  43   0   7  67  20   0   0
   0   0   0  41   0   0   0   0  31  31  31  31  31  31  31   0   0  73   0  83   0   0   0  43  35  36   7  67   0   0
   0  79   0  41   0   0   0  34  86   0   0   0   0   0   0   0  51  51  51  72  83   0   0  43   0  35  36   0  67   0
   0  79   0  41  80  80  80  55  34  86   0   0   0   0   0  21   0   0   0   8  72  83   0  43  37   0  35  36   0  67
   0  79   0  41   0   0  55   0  11  34  86   0   0   0   0  21   0   0   0   8   0  72  83  43  37   0   0  35   0   0
   0  79   0  41   0  55   0  11   0   0  34  89  89  89   0  21   0   0   0   8   0  66   0  83  37   0   0   0  35   0
   0  79   0   0  55   0  11   0   0   0  85  34   0   0  62  21   0   0   0   8   0  66   0   0  83   0   0   0   0  35
   0  79   0   0   0  11   0   0   0  85   0   0  34   0   0  62   0   0   0   8   0  66   0   0   0  83  78  78  78  78
   0   0   0   0  11   0   0   0  85   0   0   0   0  34   0   0  62   0   0   8   0   0   0   0   0   0   0   0   0   0

Final board:
      Hits: 391
    Misses: 509
Duplicates: 5399
Boats Sunk:  90
 168  -1  -1 156  -1  -1 129 129 129  -1  -1  -1  -1  -1  -1  -1  -1  -1  -1 112  -1  -1  -1  -1  -1  -1  -1 147  -1  -1
 168  -1  -1 156  -1  -1  -1  -1  -1  -1  -1  -1 110  -1 165  -1  -1  -1  -1 112 170  -1  -1  -1  -1  -1 147  -1  -1  -1
 168  -1  -1 156  -1  -1 102 102 102 102 102 110  -1  -1 165  -1 175  -1  -1 112 170 114 114 114 114 147 187  -1  -1  -1
 168  -1  -1 156  -1  -1  -1  -1  -1  -1 110 132  -1  -1 165 175  -1  -1 142 112 170 119  -1 149 147 187 123  -1  -1  -1
 139  -1  -1  -1  -1 125  -1 104  -1  -1  -1 132  -1  -1 175  -1  -1 142  -1  -1 119  -1 149 190 187  -1  -1 123  -1  -1
  -1 139  -1  -1 125  -1 104  -1 169  -1  -1 132  -1 175  -1  -1 142  -1  -1 119  -1 149  -1 190  -1 105 148  -1 123  -1
  -1  -1 139 125  -1 104  -1 169  -1  -1  -1 132 175  -1  -1  -1  -1  -1 119  -1 149  -1  -1 190  -1  -1 105 148  -1 123
  -1  -1 125  -1 104  -1 169 140  -1  -1 181 132  -1 117  -1 157  -1 119  -1  -1  -1  -1  -1 190  -1 161  -1 105 148  -1
  -1  -1  -1 104  -1 169 140  -1  -1 181 116 132  -1 117  -1 157 119 152 122  -1  -1  -1  -1  -1  -1 161  -1  -1 105 148
  -1  -1  -1  -1 169 140  -1  -1 181 116  -1 132 163 117  -1 157  -1  -1 152 122  -1  -1  -1  -1  -1 161 171  -1 101  -1
  -1  -1  -1 169 140 146 182 181 116  -1  -1 163 159 117  -1 157  -1 174  -1 152 122  -1  -1  -1  -1 171  -1  -1 101  -1
  -1  -1 169 140 146 182 181 116  -1  -1 163  -1 159 117  -1  -1  -1 176 174  -1 152 122  -1  -1 171  -1  -1  -1 101  -1
  -1  -1  -1 146 182 181 116  -1  -1 163  -1  -1 159 117  -1  -1 176  -1  -1 174  -1 152 122 171 126 113 113 113 101 109
  -1  -1  -1 182 181 116  -1  -1 163  -1  -1  -1 159  -1  -1 176  -1  -1  -1  -1 174  -1 152 126  -1 177  -1  -1 101 109
  -1  -1  -1 160 116  -1  -1  -1 138 138 138 138  -1  -1  -1  -1  -1 103  -1  -1  -1  -1 126 144  -1 177  -1  -1 101 109
  -1  -1 160  -1  -1  -1  -1 158 158 158 158 158 158  -1 115  -1 127 103  -1  -1  -1 126 144  -1  -1 177  -1  -1  -1 109
  -1 160 130  -1  -1 133 164 164 164 164  -1  -1  -1 115  -1  -1 127 103  -1  -1 126 144  -1 124 124 124  -1  -1  -1  -1
 160 188 130  -1  -1 133  -1  -1  -1  -1  -1  -1 115  -1  -1  -1 127 103  -1 126 144 107  -1  -1  -1 184  -1  -1  -1  -1
 118 188 130  -1  -1 133 128 106 106 106 106 115  -1 145 145 145  -1 103  -1 144  -1  -1 107 167 120  -1 184  -1  -1 150
 118 188 130  -1  -1 133 128  -1  -1  -1 115 154  -1  -1  -1  -1  -1 103  -1  -1  -1  -1  -1 107 167 120  -1 184  -1 150
 118 188 130  -1  -1 133 128  -1  -1  -1 154  -1  -1  -1  -1 173  -1  -1  -1  -1  -1 153 153 153 107 167 120  -1  -1 150
  -1 188 130  -1  -1 133 128  -1  -1 154  -1  -1  -1  -1  -1  -1 173  -1  -1  -1  -1  -1  -1 143  -1 107 167 120  -1  -1
  -1  -1  -1 141  -1  -1  -1  -1 131 131 131 131 131 131 131  -1  -1 173  -1 183  -1  -1  -1 143 135 136 107 167  -1  -1
  -1 179  -1 141  -1  -1  -1 134 186  -1  -1  -1  -1  -1  -1  -1 151 151 151 172 183  -1  -1 143  -1 135 136  -1 167  -1
  -1 179  -1 141 180 180 180 155 134 186  -1  -1  -1  -1  -1 121  -1  -1  -1 108 172 183  -1 143 137  -1 135 136  -1 167
  -1 179  -1 141  -1  -1 155  -1 111 134 186  -1  -1  -1  -1 121  -1  -1  -1 108  -1 172 183 143 137  -1  -1 135  -1  -1
  -1 179  -1 141  -1 155  -1 111  -1  -1 134 189 189 189  -1 121  -1  -1  -1 108  -1 166  -1 183 137  -1  -1  -1 135  -1
  -1 179  -1  -1 155  -1 111  -1  -1  -1 185 134  -1  -1 162 121  -1  -1  -1 108  -1 166  -1  -1 183  -1  -1  -1  -1 135
  -1 179  -1  -1  -1 111  -1  -1  -1 185  -1  -1 134  -1  -1 162  -1  -1  -1 108  -1 166  -1  -1  -1 183 178 178 178 178
  -1  -1  -1  -1 111  -1  -1  -1 185  -1  -1  -1  -1 134  -1  -1 162  -1  -1 108  -1  -1  -1  -1  -1  -1  -1  -1  -1  -1

