Boats placed:
   0   0   0  55   0   0  28   0   0   0   0  50   0   0   0   0   0   0   0  12   0   0   0   0   0   0  82  43   0   0
   0   0  55   0   0   0   0  28   0   0  50   0  10  65  61  52   0   0  12   0   0  45   0   0   0  82  43   0   0   0
   0  55   0   0   0   0   2   0  28  50   0  10  65  61  52   0  78  12   0   0  45  14   0   0  82  43   0   0   0   0
  55   0   0   0   0   0   0   2  67   0  10  65  61  52   0  78  12   0  38  45  88  18  14  82  43   0  23   0   0   0
  36   0   0   0   0  25   0   4   2  67  65   0  52   0  78   0   0  38  45  88  18   0   0  14   0   0  85  23   0   0
   0  36   0   0  25  64   4   0  69   2  67  52   0  78   0   0  38  45  88  18  63   0   0   0  14   6  46  85  23   0
   0   0  36  25  64   4   0  69   0   0   2  67  78   0   0   0   0  88  18   0   0  63   0   0   0   0   6  46  85  23
   0   0  25  64   4   0  69  37   0   0  89   0  67  17   0  39   0  18   0   0   0   0  63   0   0  58   0   6  46   0
   0   0   0   4   0  69  37   0   0  89  16   0  17   0  39   0  18  48  22   0   0   0   0  63  58   0   0   0   6  46
   0   0   0  49  69  37   0   0  89  16   0  17  60  39  90   0   0   0  48  22   0   0   0  58   0   0  73   0   1   0
   0   0  49  69  37  41   0  89  16   0  17  60  39  90   0   0   0  76   0  48  22   0   0   0   0  73   0   1   0   0
   0  49  69  37  41   0  89  16   0  17  60   0  90   0   0   0   0   0  76   0  48  22   0   0  73   0   1   0   0   0
   0   0   0  41   0  89  16   0  17  60   0  90   0   0   0   0   0   0   0  76   0  48  22  73  26   1   0   0   0   0
   0   0   0   0  89  16  79  13  60  72  90   0   0   0   0  21   0  70   0   0  76   0   0  26   1  83   0   0   0   0
   0   0   0  57  16  79  13   0  72  90   0   0   0   0  21   0  70   3   0   0   0   0  26   1  83   0   5   0   0   0
   0   0  57   0  79  13   0  72  90   0   0   0  44  21  15  70   3  59   0   0   0  26   0  83   0   0   0   5   0   0
   0  57   0  79  13  30  72   0   0   0   0  44  21  15   0   3  59  47   0   0  26   0   0  24   0   0   0   0   5   0
  57   0  79  13  30  72  74   0   0   0  44  21  15   0   3  59  84   0  47  26   0   8   0   0  24   0   0   0   0   0
   0   0  13  30   0  74  27   7   0   0  21  15   0   3  59   0   0  84   0  47   0   0   8  62  19  24   0   0   0  51
   0   0  30   0  74  27   0   0   7  21  15   0   3  59   0   0  54   0  84   0   0   0   0   8  62  19   0   0  51   0
   0  30   0  74  27  86  31   0   0   7   0   0  87   0   0  75   0  54   0  84   0   0   0   0   8  62  19  51   0   0
  30   0  74  27  86  31   0   0   0   0   7  87   0  53   0   0  75   0  54   0  84   0   0  40   0   8  62  19   0   0
   0   0   0  86  31   0  66   0   0  29  87   0  53   0   0   0   0  75  77   0   0  84  40   0  32  34   8  62   0   0
   0   0  86  31   0  66   0   0  29   0   0  53   0   0   0   0   0  77   0  42   0  40   0  80  56  32  34   0  62   0
   0  86   0   0  66   0   0  29   0   0   0   0  33   0   0  20  77   0  42   9  40   0  80  56  35   0  32  34   0  62
  86   0   0  66   0   0  29   0  11   0   0  33   0   0  20  71   0  42   9  40   0  80  56  35  68   0   0  32   0   0
   0   0   0   0   0  29   0  11   0   0  33  81   0  20  71   0  42   9   0   0  80  56  35  68   0   0   0   0  32   0
   0   0   0   0   0   0  11   0   0  33  81   0  20  71   0  42   9   0   0  80   0   0  68   0   0   0   0   0   0  32
   0   0   0   0   0  11   0   0  33  81   0   0   0   0  42   9   0   0  80   0   0  68   0   0   0   0   0   0   0   0
   0   0   0   0  11   0   0  33   0   0   0   0   0  42   9   0   0   0   0   0  68   0   0   0   0   0   0   0   0   0

