Size: 41
  863  906  949  992 1035 1078 1121 1164 1207 1250 1293 1336 1379 1422 1465 1508 1551 1594 1637 1680    1   44   87  130  173  216  259  302  345  388  431  474  517  560  603  646  689  732  775  818  861
  905  948  991 1034 1077 1120 1163 1206 1249 1292 1335 1378 1421 1464 1507 1550 1593 1636 1679   41   43   86  129  172  215  258  301  344  387  430  473  516  559  602  645  688  731  774  817  860  862
  947  990 1033 1076 1119 1162 1205 1248 1291 1334 1377 1420 1463 1506 1549 1592 1635 1678   40   42   85  128  171  214  257  300  343  386  429  472  515  558  601  644  687  730  773  816  859  902  904
  989 1032 1075 1118 1161 1204 1247 1290 1333 1376 1419 1462 1505 1548 1591 1634 1677   39   82   84  127  170  213  256  299  342  385  428  471  514  557  600  643  686  729  772  815  858  901  903  946
 1031 1074 1117 1160 1203 1246 1289 1332 1375 1418 1461 1504 1547 1590 1633 1676   38   81   83  126  169  212  255  298  341  384  427  470  513  556  599  642  685  728  771  814  857  900  943  945  988
 1073 1116 1159 1202 1245 1288 1331 1374 1417 1460 1503 1546 1589 1632 1675   37   80  123  125  168  211  254  297  340  383  426  469  512  555  598  641  684  727  770  813  856  899  942  944  987 1030
 1115 1158 1201 1244 1287 1330 1373 1416 1459 1502 1545 1588 1631 1674   36   79  122  124  167  210  253  296  339  382  425  468  511  554  597  640  683  726  769  812  855  898  941  984  986 1029 1072
 1157 1200 1243 1286 1329 1372 1415 1458 1501 1544 1587 1630 1673   35   78  121  164  166  209  252  295  338  381  424  467  510  553  596  639  682  725  768  811  854  897  940  983  985 1028 1071 1114
 1199 1242 1285 1328 1371 1414 1457 1500 1543 1586 1629 1672   34   77  120  163  165  208  251  294  337  380  423  466  509  552  595  638  681  724  767  810  853  896  939  982 1025 1027 1070 1113 1156
 1241 1284 1327 1370 1413 1456 1499 1542 1585 1628 1671   33   76  119  162  205  207  250  293  336  379  422  465  508  551  594  637  680  723  766  809  852  895  938  981 1024 1026 1069 1112 1155 1198
 1283 1326 1369 1412 1455 1498 1541 1584 1627 1670   32   75  118  161  204  206  249  292  335  378  421  464  507  550  593  636  679  722  765  808  851  894  937  980 1023 1066 1068 1111 1154 1197 1240
 1325 1368 1411 1454 1497 1540 1583 1626 1669   31   74  117  160  203  246  248  291  334  377  420  463  506  549  592  635  678  721  764  807  850  893  936  979 1022 1065 1067 1110 1153 1196 1239 1282
 1367 1410 1453 1496 1539 1582 1625 1668   30   73  116  159  202  245  247  290  333  376  419  462  505  548  591  634  677  720  763  806  849  892  935  978 1021 1064 1107 1109 1152 1195 1238 1281 1324
 1409 1452 1495 1538 1581 1624 1667   29   72  115  158  201  244  287  289  332  375  418  461  504  547  590  633  676  719  762  805  848  891  934  977 1020 1063 1106 1108 1151 1194 1237 1280 1323 1366
 1451 1494 1537 1580 1623 1666   28   71  114  157  200  243  286  288  331  374  417  460  503  546  589  632  675  718  761  804  847  890  933  976 1019 1062 1105 1148 1150 1193 1236 1279 1322 1365 1408
 1493 1536 1579 1622 1665   27   70  113  156  199  242  285  328  330  373  416  459  502  545  588  631  674  717  760  803  846  889  932  975 1018 1061 1104 1147 1149 1192 1235 1278 1321 1364 1407 1450
 1535 1578 1621 1664   26   69  112  155  198  241  284  327  329  372  415  458  501  544  587  630  673  716  759  802  845  888  931  974 1017 1060 1103 1146 1189 1191 1234 1277 1320 1363 1406 1449 1492
 1577 1620 1663   25   68  111  154  197  240  283  326  369  371  414  457  500  543  586  629  672  715  758  801  844  887  930  973 1016 1059 1102 1145 1188 1190 1233 1276 1319 1362 1405 1448 1491 1534
 1619 1662   24   67  110  153  196  239  282  325  368  370  413  456  499  542  585  628  671  714  757  800  843  886  929  972 1015 1058 1101 1144 1187 1230 1232 1275 1318 1361 1404 1447 1490 1533 1576
 1661   23   66  109  152  195  238  281  324  367  410  412  455  498  541  584  627  670  713  756  799  842  885  928  971 1014 1057 1100 1143 1186 1229 1231 1274 1317 1360 1403 1446 1489 1532 1575 1618
   22   65  108  151  194  237  280  323  366  409  411  454  497  540  583  626  669  712  755  798  841  884  927  970 1013 1056 1099 1142 1185 1228 1271 1273 1316 1359 1402 1445 1488 1531 1574 1617 1660
   64  107  150  193  236  279  322  365  408  451  453  496  539  582  625  668  711  754  797  840  883  926  969 1012 1055 1098 1141 1184 1227 1270 1272 1315 1358 1401 1444 1487 1530 1573 1616 1659   21
  106  149  192  235  278  321  364  407  450  452  495  538  581  624  667  710  753  796  839  882  925  968 1011 1054 1097 1140 1183 1226 1269 1312 1314 1357 1400 1443 1486 1529 1572 1615 1658   20   63
  148  191  234  277  320  363  406  449  492  494  537  580  623  666  709  752  795  838  881  924  967 1010 1053 1096 1139 1182 1225 1268 1311 1313 1356 1399 1442 1485 1528 1571 1614 1657   19   62  105
  190  233  276  319  362  405  448  491  493  536  579  622  665  708  751  794  837  880  923  966 1009 1052 1095 1138 1181 1224 1267 1310 1353 1355 1398 1441 1484 1527 1570 1613 1656   18   61  104  147
  232  275  318  361  404  447  490  533  535  578  621  664  707  750  793  836  879  922  965 1008 1051 1094 1137 1180 1223 1266 1309 1352 1354 1397 1440 1483 1526 1569 1612 1655   17   60  103  146  189
  274  317  360  403  446  489  532  534  577  620  663  706  749  792  835  878  921  964 1007 1050 1093 1136 1179 1222 1265 1308 1351 1394 1396 1439 1482 1525 1568 1611 1654   16   59  102  145  188  231
  316  359  402  445  488  531  574  576  619  662  705  748  791  834  877  920  963 1006 1049 1092 1135 1178 1221 1264 1307 1350 1393 1395 1438 1481 1524 1567 1610 1653   15   58  101  144  187  230  273
  358  401  444  487  530  573  575  618  661  704  747  790  833  876  919  962 1005 1048 1091 1134 1177 1220 1263 1306 1349 1392 1435 1437 1480 1523 1566 1609 1652   14   57  100  143  186  229  272  315
  400  443  486  529  572  615  617  660  703  746  789  832  875  918  961 1004 1047 1090 1133 1176 1219 1262 1305 1348 1391 1434 1436 1479 1522 1565 1608 1651   13   56   99  142  185  228  271  314  357
  442  485  528  571  614  616  659  702  745  788  831  874  917  960 1003 1046 1089 1132 1175 1218 1261 1304 1347 1390 1433 1476 1478 1521 1564 1607 1650   12   55   98  141  184  227  270  313  356  399
  484  527  570  613  656  658  701  744  787  830  873  916  959 1002 1045 1088 1131 1174 1217 1260 1303 1346 1389 1432 1475 1477 1520 1563 1606 1649   11   54   97  140  183  226  269  312  355  398  441
  526  569  612  655  657  700  743  786  829  872  915  958 1001 1044 1087 1130 1173 1216 1259 1302 1345 1388 1431 1474 1517 1519 1562 1605 1648   10   53   96  139  182  225  268  311  354  397  440  483
  568  611  654  697  699  742  785  828  871  914  957 1000 1043 1086 1129 1172 1215 1258 1301 1344 1387 1430 1473 1516 1518 1561 1604 1647    9   52   95  138  181  224  267  310  353  396  439  482  525
  610  653  696  698  741  784  827  870  913  956  999 1042 1085 1128 1171 1214 1257 1300 1343 1386 1429 1472 1515 1558 1560 1603 1646    8   51   94  137  180  223  266  309  352  395  438  481  524  567
  652  695  738  740  783  826  869  912  955  998 1041 1084 1127 1170 1213 1256 1299 1342 1385 1428 1471 1514 1557 1559 1602 1645    7   50   93  136  179  222  265  308  351  394  437  480  523  566  609
  694  737  739  782  825  868  911  954  997 1040 1083 1126 1169 1212 1255 1298 1341 1384 1427 1470 1513 1556 1599 1601 1644    6   49   92  135  178  221  264  307  350  393  436  479  522  565  608  651
  736  779  781  824  867  910  953  996 1039 1082 1125 1168 1211 1254 1297 1340 1383 1426 1469 1512 1555 1598 1600 1643    5   48   91  134  177  220  263  306  349  392  435  478  521  564  607  650  693
  778  780  823  866  909  952  995 1038 1081 1124 1167 1210 1253 1296 1339 1382 1425 1468 1511 1554 1597 1640 1642    4   47   90  133  176  219  262  305  348  391  434  477  520  563  606  649  692  735
  820  822  865  908  951  994 1037 1080 1123 1166 1209 1252 1295 1338 1381 1424 1467 1510 1553 1596 1639 1641    3   46   89  132  175  218  261  304  347  390  433  476  519  562  605  648  691  734  777
  821  864  907  950  993 1036 1079 1122 1165 1208 1251 1294 1337 1380 1423 1466 1509 1552 1595 1638 1681    2   45   88  131  174  217  260  303  346  389  432  475  518  561  604  647  690  733  776  819
The magic sum is 34481
